session_id,user_id
1,974.0
2,946.0
3,130.0
4,946.0
5,361.0
6,946.0
7,48.0
8,575.0
9,391.0
10,733.0
11,75.0
12,977.0
13,75.0
14,909.0
15,684.0
16,305.0
17,25.0
18,580.0
19,213.0
20,569.0
21,213.0
22,455.0
23,29.0
24,527.0
25,815.0
26,70.0
27,779.0
28,324.0
29,831.0
30,138.0
31,168.0
32,251.0
33,448.0
34,813.0
35,580.0
36,213.0
37,1.0
38,454.0
39,909.0
40,909.0
41,255.0
42,866.0
43,884.0
44,803.0
45,529.0
46,928.0
47,19.0
48,917.0
49,909.0
50,984.0
51,130.0
52,19.0
53,130.0
54,130.0
55,909.0
56,361.0
57,59.0
58,915.0
59,405.0
60,499.0
61,432.0
62,565.0
63,609.0
64,251.0
65,543.0
66,130.0
67,197.0
68,660.0
69,984.0
70,318.0
71,997.0
72,866.0
73,83.0
74,213.0
75,213.0
76,149.0
77,130.0
78,375.0
79,266.0
80,660.0
81,200.0
82,251.0
83,168.0
84,213.0
85,130.0
86,762.0
87,251.0
88,104.0
89,740.0
90,939.0
91,620.0
92,917.0
93,924.0
94,266.0
95,946.0
96,255.0
97,168.0
98,820.0
99,759.0
100,42.0
101,916.0
102,917.0
103,94.0
104,813.0
105,561.0
106,48.0
107,974.0
108,832.0
109,813.0
110,42.0
111,844.0
112,50.0
113,432.0
114,882.0
115,660.0
116,168.0
117,213.0
118,317.0
119,813.0
120,213.0
121,274.0
122,984.0
123,68.0
124,149.0
125,61.0
126,405.0
127,813.0
128,543.0
129,168.0
130,846.0
131,626.0
132,213.0
133,813.0
134,130.0
135,527.0
136,767.0
137,653.0
138,917.0
139,50.0
140,924.0
141,405.0
142,139.0
143,120.0
144,946.0
145,813.0
146,580.0
147,168.0
148,454.0
149,762.0
150,343.0
151,361.0
152,256.0
153,446.0
154,543.0
155,909.0
156,570.0
157,75.0
158,984.0
159,405.0
160,559.0
161,256.0
162,916.0
163,989.0
164,361.0
165,202.0
166,168.0
167,50.0
168,176.0
169,639.0
170,48.0
171,405.0
172,405.0
173,202.0
174,839.0
175,317.0
176,809.0
177,307.0
178,866.0
179,866.0
180,586.0
181,251.0
182,13.0
183,41.0
184,168.0
185,580.0
186,454.0
187,168.0
188,767.0
189,405.0
190,149.0
191,984.0
192,924.0
193,168.0
194,924.0
195,594.0
196,307.0
197,448.0
198,317.0
199,168.0
200,454.0
201,468.0
202,307.0
203,866.0
204,405.0
205,677.0
206,665.0
207,924.0
208,213.0
209,651.0
210,391.0
211,512.0
212,49.0
213,917.0
214,840.0
215,50.0
216,375.0
217,305.0
218,974.0
219,120.0
220,213.0
221,168.0
222,884.0
223,884.0
224,795.0
225,660.0
226,909.0
227,325.0
228,149.0
229,932.0
230,361.0
231,561.0
232,405.0
233,75.0
234,317.0
235,580.0
236,75.0
237,13.0
238,839.0
239,832.0
240,832.0
241,543.0
242,49.0
243,832.0
244,68.0
245,813.0
246,325.0
247,756.0
248,767.0
249,916.0
250,468.0
251,168.0
252,445.0
253,217.0
254,353.0
255,813.0
256,468.0
257,291.0
258,740.0
259,217.0
260,946.0
261,813.0
262,48.0
263,489.0
264,928.0
265,1.0
266,168.0
267,168.0
268,884.0
269,168.0
270,330.0
271,928.0
272,273.0
273,347.0
274,318.0
275,823.0
276,361.0
277,370.0
278,406.0
279,30.0
280,405.0
281,130.0
282,767.0
283,909.0
284,543.0
285,989.0
286,811.0
287,886.0
288,928.0
289,370.0
290,886.0
291,49.0
292,527.0
293,361.0
294,601.0
295,756.0
296,580.0
297,913.0
298,970.0
299,832.0
300,48.0
301,42.0
302,213.0
303,213.0
304,924.0
305,75.0
306,627.0
307,454.0
308,68.0
309,734.0
310,408.0
311,317.0
312,448.0
313,798.0
314,720.0
315,616.0
316,924.0
317,49.0
318,813.0
319,823.0
320,325.0
321,533.0
322,213.0
323,917.0
324,813.0
325,130.0
326,917.0
327,213.0
328,831.0
329,762.0
330,884.0
331,815.0
332,446.0
333,375.0
334,236.0
335,909.0
336,585.0
337,317.0
338,180.0
339,361.0
340,302.0
341,305.0
342,997.0
343,811.0
344,294.0
345,926.0
346,405.0
347,405.0
348,984.0
349,789.0
350,884.0
351,504.0
352,13.0
353,330.0
354,468.0
355,216.0
356,884.0
357,255.0
358,290.0
359,917.0
360,361.0
361,405.0
362,317.0
363,462.0
364,343.0
365,75.0
366,120.0
367,909.0
368,318.0
369,891.0
370,193.0
371,454.0
372,200.0
373,767.0
374,264.0
375,104.0
376,213.0
377,916.0
378,99.0
379,832.0
380,168.0
381,75.0
382,13.0
383,405.0
384,884.0
385,294.0
386,318.0
387,213.0
388,13.0
389,454.0
390,660.0
391,213.0
392,183.0
393,41.0
394,361.0
395,406.0
396,665.0
397,13.0
398,454.0
399,580.0
400,361.0
401,917.0
402,543.0
403,871.0
404,405.0
405,48.0
406,839.0
407,468.0
408,9.0
409,928.0
410,42.0
411,928.0
412,909.0
413,967.0
414,273.0
415,50.0
416,575.0
417,405.0
418,846.0
419,375.0
420,213.0
421,839.0
422,325.0
423,49.0
424,997.0
425,909.0
426,924.0
427,569.0
428,939.0
429,884.0
430,251.0
431,813.0
432,846.0
433,68.0
434,168.0
435,813.0
436,928.0
437,909.0
438,75.0
439,130.0
440,909.0
441,866.0
442,813.0
443,984.0
444,997.0
445,60.0
446,305.0
447,834.0
448,470.0
449,68.0
450,813.0
451,917.0
452,627.0
453,120.0
454,989.0
455,762.0
456,127.0
457,75.0
458,120.0
459,392.0
460,1.0
461,597.0
462,984.0
463,371.0
464,917.0
465,138.0
466,627.0
467,832.0
468,891.0
469,468.0
470,352.0
471,909.0
472,557.0
473,575.0
474,1.0
475,813.0
476,417.0
477,371.0
478,446.0
479,997.0
480,310.0
481,909.0
482,48.0
483,570.0
484,406.0
485,713.0
486,325.0
487,559.0
488,99.0
489,168.0
490,255.0
491,813.0
492,928.0
493,120.0
494,251.0
495,886.0
496,13.0
497,134.0
498,317.0
499,405.0
500,213.0
501,361.0
502,982.0
503,632.0
504,8.0
505,720.0
506,997.0
507,627.0
508,19.0
509,660.0
510,916.0
511,216.0
512,832.0
513,832.0
514,149.0
515,932.0
516,474.0
517,846.0
518,325.0
519,302.0
520,439.0
521,50.0
522,970.0
523,924.0
524,127.0
525,628.0
526,809.0
527,13.0
528,392.0
529,924.0
530,586.0
531,533.0
532,29.0
533,813.0
534,198.0
535,580.0
536,445.0
537,960.0
538,310.0
539,75.0
540,104.0
541,767.0
542,474.0
543,68.0
544,440.0
545,779.0
546,924.0
547,997.0
548,844.0
549,174.0
550,273.0
551,213.0
552,909.0
553,912.0
554,305.0
555,41.0
556,580.0
557,890.0
558,844.0
559,216.0
560,973.0
561,454.0
562,462.0
563,202.0
564,813.0
565,324.0
566,803.0
567,989.0
568,19.0
569,361.0
570,49.0
571,75.0
572,713.0
573,909.0
574,527.0
575,527.0
576,917.0
577,25.0
578,997.0
579,213.0
580,844.0
581,924.0
582,562.0
583,317.0
584,924.0
585,928.0
586,130.0
587,499.0
588,586.0
589,831.0
590,213.0
591,880.0
592,330.0
593,767.0
594,168.0
595,756.0
596,813.0
597,405.0
598,216.0
599,448.0
600,627.0
601,78.0
602,307.0
603,213.0
604,813.0
605,533.0
606,168.0
607,375.0
608,197.0
609,474.0
610,274.0
611,501.0
612,251.0
613,317.0
614,974.0
615,42.0
616,984.0
617,527.0
618,168.0
619,912.0
620,307.0
621,917.0
622,305.0
623,746.0
624,977.0
625,512.0
626,371.0
627,866.0
628,767.0
629,168.0
630,627.0
631,813.0
632,580.0
633,834.0
634,49.0
635,198.0
636,305.0
637,909.0
638,665.0
639,168.0
640,251.0
641,855.0
642,168.0
643,97.0
644,68.0
645,628.0
646,811.0
647,662.0
648,798.0
649,813.0
650,939.0
651,905.0
652,307.0
653,200.0
654,834.0
655,580.0
656,580.0
657,839.0
658,213.0
659,924.0
660,844.0
661,566.0
662,535.0
663,405.0
664,255.0
665,767.0
666,251.0
667,149.0
668,370.0
669,104.0
670,660.0
671,125.0
672,527.0
673,130.0
674,811.0
675,924.0
676,405.0
677,120.0
678,857.0
679,392.0
680,884.0
681,720.0
682,627.0
683,575.0
684,974.0
685,559.0
686,474.0
687,325.0
688,917.0
689,361.0
690,586.0
691,406.0
692,917.0
693,812.0
694,529.0
695,813.0
696,813.0
697,68.0
698,94.0
699,917.0
700,5.0
701,200.0
702,913.0
703,688.0
704,317.0
705,984.0
706,49.0
707,789.0
708,902.0
709,984.0
710,890.0
711,974.0
712,924.0
713,997.0
714,158.0
715,193.0
716,971.0
717,307.0
718,813.0
719,909.0
720,440.0
721,213.0
722,70.0
723,498.0
724,909.0
725,924.0
726,255.0
727,149.0
728,662.0
729,971.0
730,557.0
731,921.0
732,762.0
733,317.0
734,130.0
735,49.0
736,607.0
737,832.0
738,251.0
739,844.0
740,462.0
741,405.0
742,41.0
743,917.0
744,866.0
745,193.0
746,213.0
747,779.0
748,97.0
749,217.0
750,916.0
751,601.0
752,759.0
753,354.0
754,445.0
755,68.0
756,884.0
757,489.0
758,665.0
759,897.0
760,533.0
761,213.0
762,432.0
763,660.0
764,924.0
765,809.0
766,884.0
767,501.0
768,601.0
769,381.0
770,352.0
771,183.0
772,924.0
773,49.0
774,660.0
775,200.0
776,352.0
777,208.0
778,413.0
779,812.0
780,984.0
781,68.0
782,813.0
783,149.0
784,570.0
785,891.0
786,884.0
787,924.0
788,445.0
789,1.0
790,1.0
791,205.0
792,615.0
793,984.0
794,913.0
795,997.0
796,213.0
797,635.0
798,989.0
799,756.0
800,361.0
801,620.0
802,795.0
803,361.0
804,897.0
805,75.0
806,49.0
807,405.0
808,970.0
809,815.0
810,915.0
811,580.0
812,909.0
813,41.0
814,831.0
815,543.0
816,317.0
817,59.0
818,575.0
819,660.0
820,946.0
821,324.0
822,928.0
823,916.0
824,813.0
825,251.0
826,361.0
827,813.0
828,405.0
829,19.0
830,193.0
831,213.0
832,623.0
833,926.0
834,813.0
835,924.0
836,924.0
837,49.0
838,406.0
839,580.0
840,104.0
841,921.0
842,890.0
843,213.0
844,317.0
845,504.0
846,191.0
847,317.0
848,200.0
849,877.0
850,310.0
851,834.0
852,130.0
853,725.0
854,839.0
855,627.0
856,960.0
857,405.0
858,979.0
859,213.0
860,1.0
861,151.0
862,623.0
863,832.0
864,884.0
865,402.0
866,566.0
867,305.0
868,49.0
869,193.0
870,130.0
871,49.0
872,823.0
873,388.0
874,721.0
875,42.0
876,924.0
877,130.0
878,846.0
879,305.0
880,94.0
881,68.0
882,798.0
883,429.0
884,1.0
885,912.0
886,474.0
887,405.0
888,251.0
889,655.0
890,924.0
891,813.0
892,213.0
893,902.0
894,76.0
895,343.0
896,9.0
897,255.0
898,585.0
899,627.0
900,813.0
901,381.0
902,127.0
903,67.0
904,317.0
905,361.0
906,361.0
907,13.0
908,9.0
909,909.0
910,130.0
911,213.0
912,909.0
913,198.0
914,216.0
915,984.0
916,635.0
917,49.0
918,168.0
919,41.0
920,13.0
921,997.0
922,48.0
923,41.0
924,971.0
925,789.0
926,762.0
927,213.0
928,176.0
929,216.0
930,368.0
931,813.0
932,813.0
933,120.0
934,213.0
935,717.0
936,533.0
937,405.0
938,928.0
939,429.0
940,569.0
941,706.0
942,628.0
943,49.0
944,762.0
945,405.0
946,970.0
947,677.0
948,928.0
949,895.0
950,707.0
951,974.0
952,200.0
953,104.0
954,68.0
955,251.0
956,104.0
957,317.0
958,193.0
959,168.0
960,213.0
961,984.0
962,405.0
963,143.0
964,454.0
965,94.0
966,168.0
967,798.0
968,915.0
969,939.0
970,305.0
971,13.0
972,149.0
973,127.0
974,784.0
975,49.0
976,984.0
977,445.0
978,917.0
979,912.0
980,917.0
981,924.0
982,317.0
983,130.0
984,489.0
985,445.0
986,41.0
987,49.0
988,168.0
989,94.0
990,989.0
991,533.0
992,130.0
993,68.0
994,308.0
995,779.0
996,811.0
997,884.0
998,969.0
999,406.0
1000,83.0
1001,512.0
1002,247.0
1003,375.0
1004,405.0
1005,1.0
1006,41.0
1007,75.0
1008,946.0
1009,388.0
1010,627.0
1011,130.0
1012,361.0
1013,813.0
1014,41.0
1015,41.0
1016,846.0
1017,655.0
1018,928.0
1019,404.0
1020,656.0
1021,575.0
1022,651.0
1023,512.0
1024,255.0
1025,917.0
1026,251.0
1027,762.0
1028,498.0
1029,504.0
1030,905.0
1031,168.0
1032,733.0
1033,216.0
1034,928.0
1035,130.0
1036,543.0
1037,928.0
1038,59.0
1039,489.0
1040,912.0
1041,813.0
1042,75.0
1043,813.0
1044,42.0
1045,917.0
1046,97.0
1047,405.0
1048,317.0
1049,13.0
1050,813.0
1051,665.0
1052,601.0
1053,13.0
1054,361.0
1055,139.0
1056,445.0
1057,917.0
1058,984.0
1059,813.0
1060,50.0
1061,48.0
1062,912.0
1063,997.0
1064,405.0
1065,168.0
1066,213.0
1067,50.0
1068,660.0
1069,580.0
1070,50.0
1071,97.0
1072,495.0
1073,575.0
1074,213.0
1075,54.0
1076,905.0
1077,325.0
1078,615.0
1079,439.0
1080,839.0
1081,746.0
1082,928.0
1083,130.0
1084,580.0
1085,149.0
1086,445.0
1087,917.0
1088,812.0
1089,839.0
1090,49.0
1091,317.0
1092,656.0
1093,553.0
1094,13.0
1095,41.0
1096,179.0
1097,354.0
1098,454.0
1099,594.0
1100,139.0
1101,884.0
1102,917.0
1103,909.0
1104,138.0
1105,846.0
1106,756.0
1107,41.0
1108,584.0
1109,49.0
1110,846.0
1111,989.0
1112,989.0
1113,660.0
1114,213.0
1115,909.0
1116,149.0
1117,127.0
1118,813.0
1119,924.0
1120,831.0
1121,880.0
1122,251.0
1123,256.0
1124,997.0
1125,317.0
1126,49.0
1127,49.0
1128,924.0
1129,655.0
1130,305.0
1131,909.0
1132,569.0
1133,909.0
1134,928.0
1135,656.0
1136,866.0
1137,343.0
1138,138.0
1139,48.0
1140,49.0
1141,193.0
1142,984.0
1143,580.0
1144,361.0
1145,886.0
1146,946.0
1147,149.0
1148,815.0
1149,41.0
1150,158.0
1151,50.0
1152,325.0
1153,405.0
1154,405.0
1155,130.0
1156,405.0
1157,627.0
1158,49.0
1159,924.0
1160,29.0
1161,454.0
1162,627.0
1163,50.0
1164,535.0
1165,41.0
1166,149.0
1167,665.0
1168,575.0
1169,979.0
1170,535.0
1171,239.0
1172,405.0
1173,474.0
1174,166.0
1175,405.0
1176,928.0
1177,361.0
1178,924.0
1179,633.0
1180,41.0
1181,973.0
1182,255.0
1183,660.0
1184,813.0
1185,811.0
1186,706.0
1187,813.0
1188,440.0
1189,465.0
1190,543.0
1191,49.0
1192,884.0
1193,997.0
1194,924.0
1195,75.0
1196,984.0
1197,216.0
1198,997.0
1199,13.0
1200,866.0
1201,127.0
1202,75.0
1203,49.0
1204,824.0
1205,895.0
1206,733.0
1207,967.0
1208,445.0
1209,895.0
1210,213.0
1211,361.0
1212,983.0
1213,251.0
1214,307.0
1215,580.0
1216,468.0
1217,928.0
1218,371.0
1219,317.0
1220,160.0
1221,917.0
1222,924.0
1223,823.0
1224,655.0
1225,143.0
1226,813.0
1227,370.0
1228,361.0
1229,654.0
1230,436.0
1231,756.0
1232,104.0
1233,928.0
1234,111.0
1235,653.0
1236,352.0
1237,662.0
1238,168.0
1239,813.0
1240,318.0
1241,25.0
1242,529.0
1243,939.0
1244,829.0
1245,924.0
1246,251.0
1247,213.0
1248,924.0
1249,130.0
1250,974.0
1251,628.0
1252,49.0
1253,580.0
1254,405.0
1255,820.0
1256,813.0
1257,939.0
1258,310.0
1259,803.0
1260,305.0
1261,371.0
1262,213.0
1263,580.0
1264,974.0
1265,489.0
1266,48.0
1267,454.0
1268,13.0
1269,660.0
1270,831.0
1271,454.0
1272,866.0
1273,9.0
1274,445.0
1275,213.0
1276,989.0
1277,632.0
1278,448.0
1279,535.0
1280,465.0
1281,684.0
1282,570.0
1283,391.0
1284,921.0
1285,984.0
1286,939.0
1287,767.0
1288,551.0
1289,13.0
1290,454.0
1291,861.0
1292,361.0
1293,580.0
1294,324.0
1295,946.0
1296,913.0
1297,832.0
1298,627.0
1299,559.0
1300,997.0
1301,454.0
1302,213.0
1303,352.0
1304,120.0
1305,213.0
1306,997.0
1307,445.0
1308,361.0
1309,13.0
1310,149.0
1311,193.0
1312,468.0
1313,13.0
1314,989.0
1315,543.0
1316,213.0
1317,120.0
1318,1.0
1319,924.0
1320,354.0
1321,627.0
1322,13.0
1323,144.0
1324,361.0
1325,405.0
1326,813.0
1327,960.0
1328,789.0
1329,41.0
1330,465.0
1331,866.0
1332,559.0
1333,213.0
1334,815.0
1335,168.0
1336,392.0
1337,720.0
1338,213.0
1339,130.0
1340,866.0
1341,813.0
1342,813.0
1343,891.0
1344,213.0
1345,388.0
1346,78.0
1347,575.0
1348,970.0
1349,815.0
1350,317.0
1351,815.0
1352,575.0
1353,405.0
1354,832.0
1355,928.0
1356,897.0
1357,767.0
1358,820.0
1359,130.0
1360,149.0
1361,813.0
1362,361.0
1363,831.0
1364,149.0
1365,580.0
1366,454.0
1367,912.0
1368,305.0
1369,759.0
1370,216.0
1371,713.0
1372,310.0
1373,68.0
1374,13.0
1375,970.0
1376,75.0
1377,924.0
1378,648.0
1379,884.0
1380,813.0
1381,130.0
1382,75.0
1383,846.0
1384,305.0
1385,706.0
1386,928.0
1387,913.0
1388,971.0
1389,213.0
1390,273.0
1391,928.0
1392,917.0
1393,13.0
1394,50.0
1395,213.0
1396,928.0
1397,75.0
1398,264.0
1399,891.0
1400,984.0
1401,474.0
1402,974.0
1403,454.0
1404,559.0
1405,489.0
1406,989.0
1407,813.0
1408,49.0
1409,99.0
1410,813.0
1411,954.0
1412,97.0
1413,909.0
1414,580.0
1415,789.0
1416,49.0
1417,264.0
1418,352.0
1419,361.0
1420,946.0
1421,454.0
1422,193.0
1423,970.0
1424,580.0
1425,317.0
1426,49.0
1427,454.0
1428,41.0
1429,939.0
1430,13.0
1431,25.0
1432,562.0
1433,984.0
1434,305.0
1435,746.0
1436,924.0
1437,354.0
1438,445.0
1439,832.0
1440,213.0
1441,305.0
1442,34.0
1443,41.0
1444,813.0
1445,213.0
1446,325.0
1447,832.0
1448,245.0
1449,946.0
1450,149.0
1451,915.0
1452,216.0
1453,960.0
1454,821.0
1455,193.0
1456,49.0
1457,177.0
1458,68.0
1459,924.0
1460,305.0
1461,68.0
1462,352.0
1463,50.0
1464,813.0
1465,273.0
1466,733.0
1467,7.0
1468,884.0
1469,580.0
1470,318.0
1471,997.0
1472,580.0
1473,354.0
1474,41.0
1475,264.0
1476,49.0
1477,41.0
1478,127.0
1479,134.0
1480,273.0
1481,193.0
1482,527.0
1483,813.0
1484,317.0
1485,891.0
1486,890.0
1487,977.0
1488,866.0
1489,989.0
1490,580.0
1491,176.0
1492,139.0
1493,512.0
1494,59.0
1495,68.0
1496,928.0
1497,960.0
1498,213.0
1499,136.0
1500,48.0
1501,823.0
1502,909.0
1503,266.0
1504,813.0
1505,660.0
1506,193.0
1507,720.0
1508,354.0
1509,13.0
1510,660.0
1511,127.0
1512,307.0
1513,50.0
1514,292.0
1515,213.0
1516,580.0
1517,68.0
1518,354.0
1519,294.0
1520,580.0
1521,924.0
1522,984.0
1523,445.0
1524,813.0
1525,813.0
1526,977.0
1527,756.0
1528,266.0
1529,909.0
1530,880.0
1531,928.0
1532,960.0
1533,707.0
1534,406.0
1535,305.0
1536,974.0
1537,317.0
1538,654.0
1539,83.0
1540,677.0
1541,25.0
1542,318.0
1543,39.0
1544,559.0
1545,570.0
1546,997.0
1547,318.0
1548,813.0
1549,928.0
1550,465.0
1551,402.0
1552,352.0
1553,130.0
1554,597.0
1555,440.0
1556,924.0
1557,291.0
1558,884.0
1559,19.0
1560,813.0
1561,909.0
1562,813.0
1563,130.0
1564,543.0
1565,813.0
1566,886.0
1567,916.0
1568,49.0
1569,213.0
1570,251.0
1571,120.0
1572,916.0
1573,871.0
1574,149.0
1575,917.0
1576,607.0
1577,251.0
1578,59.0
1579,361.0
1580,989.0
1581,798.0
1582,48.0
1583,660.0
1584,924.0
1585,213.0
1586,49.0
1587,134.0
1588,317.0
1589,324.0
1590,880.0
1591,217.0
1592,811.0
1593,352.0
1594,812.0
1595,352.0
1596,832.0
1597,216.0
1598,891.0
1599,628.0
1600,305.0
1601,68.0
1602,13.0
1603,928.0
1604,798.0
1605,884.0
1606,909.0
1607,68.0
1608,935.0
1609,49.0
1610,13.0
1611,406.0
1612,946.0
1613,984.0
1614,660.0
1615,971.0
1616,866.0
1617,104.0
1618,585.0
1619,213.0
1620,568.0
1621,974.0
1622,75.0
1623,405.0
1624,815.0
1625,974.0
1626,217.0
1627,987.0
1628,924.0
1629,405.0
1630,78.0
1631,130.0
1632,75.0
1633,405.0
1634,533.0
1635,361.0
1636,660.0
1637,813.0
1638,917.0
1639,405.0
1640,620.0
1641,997.0
1642,104.0
1643,176.0
1644,660.0
1645,351.0
1646,120.0
1647,1.0
1648,115.0
1649,317.0
1650,558.0
1651,120.0
1652,305.0
1653,655.0
1654,352.0
1655,928.0
1656,75.0
1657,505.0
1658,375.0
1659,455.0
1660,325.0
1661,454.0
1662,924.0
1663,917.0
1664,767.0
1665,143.0
1666,352.0
1667,1.0
1668,890.0
1669,627.0
1670,9.0
1671,168.0
1672,916.0
1673,41.0
1674,130.0
1675,310.0
1676,180.0
1677,174.0
1678,581.0
1679,13.0
1680,361.0
1681,325.0
1682,527.0
1683,489.0
1684,575.0
1685,213.0
1686,627.0
1687,928.0
1688,495.0
1689,213.0
1690,48.0
1691,756.0
1692,987.0
1693,441.0
1694,68.0
1695,928.0
1696,890.0
1697,984.0
1698,354.0
1699,405.0
1700,495.0
1701,813.0
1702,565.0
1703,572.0
1704,924.0
1705,317.0
1706,512.0
1707,325.0
1708,495.0
1709,49.0
1710,767.0
1711,266.0
1712,660.0
1713,839.0
1714,946.0
1715,946.0
1716,325.0
1717,569.0
1718,533.0
1719,979.0
1720,405.0
1721,997.0
1722,213.0
1723,130.0
1724,446.0
1725,352.0
1726,130.0
1727,660.0
1728,343.0
1729,375.0
1730,955.0
1731,130.0
1732,41.0
1733,454.0
1734,99.0
1735,305.0
1736,41.0
1737,913.0
1738,926.0
1739,213.0
1740,660.0
1741,361.0
1742,9.0
1743,454.0
1744,13.0
1745,224.0
1746,628.0
1747,134.0
1748,41.0
1749,149.0
1750,49.0
1751,627.0
1752,317.0
1753,946.0
1754,713.0
1755,317.0
1756,352.0
1757,405.0
1758,305.0
1759,855.0
1760,455.0
1761,832.0
1762,149.0
1763,305.0
1764,392.0
1765,305.0
1766,193.0
1767,489.0
1768,543.0
1769,168.0
1770,891.0
1771,813.0
1772,997.0
1773,13.0
1774,955.0
1775,59.0
1776,917.0
1777,68.0
1778,405.0
1779,391.0
1780,553.0
1781,924.0
1782,149.0
1783,866.0
1784,795.0
1785,361.0
1786,997.0
1787,361.0
1788,127.0
1789,130.0
1790,580.0
1791,120.0
1792,255.0
1793,917.0
1794,324.0
1795,813.0
1796,439.0
1797,779.0
1798,984.0
1799,597.0
1800,997.0
1801,168.0
1802,939.0
1803,812.0
1804,202.0
1805,974.0
1806,997.0
1807,846.0
1808,987.0
1809,454.0
1810,25.0
1811,916.0
1812,909.0
1813,498.0
1814,470.0
1815,125.0
1816,454.0
1817,83.0
1818,529.0
1819,779.0
1820,813.0
1821,862.0
1822,575.0
1823,815.0
1824,813.0
1825,946.0
1826,139.0
1827,561.0
1828,193.0
1829,361.0
1830,913.0
1831,130.0
1832,94.0
1833,529.0
1834,370.0
1835,628.0
1836,984.0
1837,902.0
1838,917.0
1839,183.0
1840,68.0
1841,924.0
1842,9.0
1843,1.0
1844,788.0
1845,562.0
1846,13.0
1847,370.0
1848,149.0
1849,823.0
1850,405.0
1851,352.0
1852,733.0
1853,846.0
1854,626.0
1855,974.0
1856,274.0
1857,813.0
1858,677.0
1859,405.0
1860,392.0
1861,317.0
1862,245.0
1863,251.0
1864,343.0
1865,891.0
1866,871.0
1867,405.0
1868,6.0
1869,463.0
1870,917.0
1871,706.0
1872,305.0
1873,832.0
1874,939.0
1875,54.0
1876,798.0
1877,213.0
1878,462.0
1879,720.0
1880,370.0
1881,909.0
1882,75.0
1883,953.0
1884,580.0
1885,406.0
1886,580.0
1887,149.0
1888,445.0
1889,13.0
1890,974.0
1891,49.0
1892,924.0
1893,924.0
1894,974.0
1895,41.0
1896,665.0
1897,130.0
1898,916.0
1899,251.0
1900,813.0
1901,144.0
1902,54.0
1903,13.0
1904,921.0
1905,9.0
1906,317.0
1907,193.0
1908,684.0
1909,533.0
1910,330.0
1911,916.0
1912,168.0
1913,41.0
1914,984.0
1915,307.0
1916,533.0
1917,813.0
1918,168.0
1919,897.0
1920,49.0
1921,251.0
1922,405.0
1923,179.0
1924,273.0
1925,454.0
1926,989.0
1927,213.0
1928,684.0
1929,168.0
1930,529.0
1931,660.0
1932,902.0
1933,179.0
1934,139.0
1935,891.0
1936,946.0
1937,924.0
1938,462.0
1939,213.0
1940,41.0
1941,928.0
1942,929.0
1943,946.0
1944,361.0
1945,740.0
1946,255.0
1947,130.0
1948,130.0
1949,533.0
1950,49.0
1951,41.0
1952,846.0
1953,78.0
1954,795.0
1955,255.0
1956,916.0
1957,325.0
1958,262.0
1959,974.0
1960,984.0
1961,891.0
1962,264.0
1963,821.0
1964,405.0
1965,97.0
1966,627.0
1967,67.0
1968,541.0
1969,756.0
1970,924.0
1971,939.0
1972,917.0
1973,70.0
1974,405.0
1975,130.0
1976,718.0
1977,99.0
1978,915.0
1979,49.0
1980,684.0
1981,946.0
1982,352.0
1983,721.0
1984,813.0
1985,798.0
1986,562.0
1987,489.0
1988,924.0
1989,104.0
1990,324.0
1991,580.0
1992,305.0
1993,803.0
1994,812.0
1995,917.0
1996,317.0
1997,120.0
1998,846.0
1999,41.0
2000,813.0
2001,213.0
2002,946.0
2003,48.0
2004,832.0
2005,264.0
2006,305.0
2007,168.0
2008,823.0
2009,846.0
2010,905.0
2011,120.0
2012,468.0
2013,139.0
2014,371.0
2015,615.0
2016,49.0
2017,921.0
2018,213.0
2019,193.0
2020,94.0
2021,984.0
2022,373.0
2023,813.0
2024,921.0
2025,627.0
2026,75.0
2027,59.0
2028,319.0
2029,213.0
2030,534.0
2031,273.0
2032,42.0
2033,995.0
2034,846.0
2035,500.0
2036,660.0
2037,354.0
2038,897.0
2039,445.0
2040,489.0
2041,343.0
2042,42.0
2043,559.0
2044,445.0
2045,813.0
2046,445.0
2047,149.0
2048,213.0
2049,130.0
2050,820.0
2051,580.0
2052,405.0
2053,251.0
2054,49.0
2055,974.0
2056,924.0
2057,474.0
2058,902.0
2059,809.0
2060,48.0
2061,402.0
2062,405.0
2063,213.0
2064,580.0
2065,533.0
2066,627.0
2067,928.0
2068,627.0
2069,928.0
2070,143.0
2071,915.0
2072,884.0
2073,130.0
2074,570.0
2075,317.0
2076,13.0
2077,168.0
2078,916.0
2079,468.0
2080,49.0
2081,997.0
2082,197.0
2083,97.0
2084,251.0
2085,846.0
2086,912.0
2087,815.0
2088,213.0
2089,884.0
2090,68.0
2091,915.0
2092,317.0
2093,721.0
2094,924.0
2095,149.0
2096,104.0
2097,405.0
2098,855.0
2099,130.0
2100,762.0
2101,946.0
2102,68.0
2103,213.0
2104,813.0
2105,34.0
2106,815.0
2107,578.0
2108,325.0
2109,392.0
2110,42.0
2111,917.0
2112,68.0
2113,202.0
2114,660.0
2115,41.0
2116,149.0
2117,924.0
2118,13.0
2119,512.0
2120,49.0
2121,317.0
2122,504.0
2123,643.0
2124,533.0
2125,405.0
2126,75.0
2127,468.0
2128,9.0
2129,317.0
2130,909.0
2131,558.0
2132,912.0
2133,575.0
2134,798.0
2135,917.0
2136,917.0
2137,997.0
2138,120.0
2139,75.0
2140,924.0
2141,130.0
2142,264.0
2143,432.0
2144,13.0
2145,405.0
2146,405.0
2147,823.0
2148,832.0
2149,392.0
2150,149.0
2151,405.0
2152,866.0
2153,273.0
2154,559.0
2155,440.0
2156,609.0
2157,928.0
2158,924.0
2159,562.0
2160,917.0
2161,917.0
2162,213.0
2163,13.0
2164,446.0
2165,213.0
2166,807.0
2167,25.0
2168,352.0
2169,813.0
2170,50.0
2171,813.0
2172,844.0
2173,462.0
2174,138.0
2175,575.0
2176,884.0
2177,559.0
2178,445.0
2179,392.0
2180,405.0
2181,213.0
2182,977.0
2183,130.0
2184,405.0
2185,677.0
2186,813.0
2187,517.0
2188,928.0
2189,905.0
2190,273.0
2191,343.0
2192,543.0
2193,149.0
2194,13.0
2195,997.0
2196,454.0
2197,445.0
2198,6.0
2199,561.0
2200,405.0
2201,928.0
2202,651.0
2203,213.0
2204,317.0
2205,527.0
2206,620.0
2207,977.0
2208,489.0
2209,924.0
2210,120.0
2211,310.0
2212,866.0
2213,946.0
2214,891.0
2215,41.0
2216,445.0
2217,954.0
2218,50.0
2219,251.0
2220,130.0
2221,104.0
2222,924.0
2223,795.0
2224,831.0
2225,317.0
2226,454.0
2227,405.0
2228,924.0
2229,448.0
2230,566.0
2231,916.0
2232,213.0
2233,909.0
2234,149.0
2235,813.0
2236,75.0
2237,575.0
2238,989.0
2239,939.0
2240,59.0
2241,130.0
2242,168.0
2243,916.0
2244,989.0
2245,809.0
2246,319.0
2247,405.0
2248,317.0
2249,902.0
2250,50.0
2251,130.0
2252,305.0
2253,512.0
2254,767.0
2255,813.0
2256,928.0
2257,946.0
2258,946.0
2259,392.0
2260,984.0
2261,946.0
2262,445.0
2263,997.0
2264,352.0
2265,891.0
2266,660.0
2267,917.0
2268,984.0
2269,191.0
2270,325.0
2271,909.0
2272,813.0
2273,929.0
2274,149.0
2275,997.0
2276,813.0
2277,251.0
2278,120.0
2279,497.0
2280,319.0
2281,823.0
2282,713.0
2283,627.0
2284,305.0
2285,580.0
2286,213.0
2287,352.0
2288,813.0
2289,767.0
2290,273.0
2291,224.0
2292,168.0
2293,305.0
2294,813.0
2295,601.0
2296,823.0
2297,343.0
2298,251.0
2299,255.0
2300,665.0
2301,928.0
2302,767.0
2303,318.0
2304,961.0
2305,361.0
2306,13.0
2307,67.0
2308,720.0
2309,527.0
2310,909.0
2311,68.0
2312,213.0
2313,884.0
2314,632.0
2315,168.0
2316,13.0
2317,543.0
2318,909.0
2319,130.0
2320,533.0
2321,580.0
2322,213.0
2323,405.0
2324,149.0
2325,149.0
2326,445.0
2327,984.0
2328,821.0
2329,660.0
2330,921.0
2331,49.0
2332,213.0
2333,120.0
2334,721.0
2335,130.0
2336,54.0
2337,213.0
2338,130.0
2339,213.0
2340,789.0
2341,138.0
2342,974.0
2343,495.0
2344,809.0
2345,628.0
2346,813.0
2347,917.0
2348,905.0
2349,986.0
2350,448.0
2351,720.0
2352,68.0
2353,125.0
2354,168.0
2355,832.0
2356,909.0
2357,677.0
2358,213.0
2359,974.0
2360,688.0
2361,813.0
2362,928.0
2363,49.0
2364,974.0
2365,789.0
2366,454.0
2367,454.0
2368,130.0
2369,713.0
2370,41.0
2371,660.0
2372,831.0
2373,49.0
2374,216.0
2375,371.0
2376,213.0
2377,580.0
2378,251.0
2379,809.0
2380,924.0
2381,213.0
2382,971.0
2383,928.0
2384,213.0
2385,586.0
2386,343.0
2387,391.0
2388,130.0
2389,928.0
2390,924.0
2391,917.0
2392,628.0
2393,946.0
2394,813.0
2395,974.0
2396,149.0
2397,180.0
2398,179.0
2399,102.0
2400,67.0
2401,795.0
2402,127.0
2403,813.0
2404,660.0
2405,49.0
2406,13.0
2407,317.0
2408,924.0
2409,213.0
2410,50.0
2411,1.0
2412,928.0
2413,580.0
2414,762.0
2415,120.0
2416,68.0
2417,130.0
2418,180.0
2419,102.0
2420,251.0
2421,130.0
2422,130.0
2423,405.0
2424,601.0
2425,924.0
2426,274.0
2427,343.0
2428,216.0
2429,149.0
2430,76.0
2431,984.0
2432,809.0
2433,580.0
2434,924.0
2435,213.0
2436,813.0
2437,939.0
2438,13.0
2439,569.0
2440,946.0
2441,713.0
2442,939.0
2443,13.0
2444,525.0
2445,405.0
2446,643.0
2447,289.0
2448,832.0
2449,168.0
2450,213.0
2451,811.0
2452,127.0
2453,974.0
2454,200.0
2455,305.0
2456,929.0
2457,866.0
2458,317.0
2459,166.0
2460,884.0
2461,213.0
2462,19.0
2463,49.0
2464,468.0
2465,665.0
2466,580.0
2467,928.0
2468,946.0
2469,974.0
2470,924.0
2471,721.0
2472,997.0
2473,656.0
2474,168.0
2475,193.0
2476,643.0
2477,984.0
2478,67.0
2479,561.0
2480,861.0
2481,795.0
2482,42.0
2483,984.0
2484,407.0
2485,660.0
2486,68.0
2487,445.0
2488,405.0
2489,163.0
2490,580.0
2491,197.0
2492,601.0
2493,917.0
2494,144.0
2495,166.0
2496,76.0
2497,13.0
2498,49.0
2499,104.0
2500,78.0
2501,111.0
2502,120.0
2503,305.0
2504,813.0
2505,733.0
2506,405.0
2507,809.0
2508,213.0
2509,974.0
2510,130.0
2511,909.0
2512,580.0
2513,317.0
2514,557.0
2515,1.0
2516,251.0
2517,855.0
2518,455.0
2519,909.0
2520,561.0
2521,916.0
2522,213.0
2523,213.0
2524,13.0
2525,917.0
2526,36.0
2527,256.0
2528,559.0
2529,832.0
2530,405.0
2531,569.0
2532,97.0
2533,971.0
2534,111.0
2535,361.0
2536,813.0
2537,984.0
2538,585.0
2539,813.0
2540,97.0
2541,49.0
2542,48.0
2543,266.0
2544,529.0
2545,832.0
2546,213.0
2547,49.0
2548,891.0
2549,13.0
2550,127.0
2551,959.0
2552,273.0
2553,627.0
2554,575.0
2555,846.0
2556,361.0
2557,440.0
2558,305.0
2559,405.0
2560,371.0
2561,446.0
2562,662.0
2563,913.0
2564,213.0
2565,660.0
2566,48.0
2567,504.0
2568,917.0
2569,405.0
2570,512.0
2571,832.0
2572,168.0
2573,49.0
2574,974.0
2575,813.0
2576,266.0
2577,118.0
2578,977.0
2579,388.0
2580,445.0
2581,251.0
2582,48.0
2583,661.0
2584,13.0
2585,139.0
2586,813.0
2587,213.0
2588,662.0
2589,561.0
2590,462.0
2591,68.0
2592,310.0
2593,41.0
2594,712.0
2595,251.0
2596,149.0
2597,371.0
2598,213.0
2599,213.0
2600,305.0
2601,7.0
2602,361.0
2603,977.0
2604,49.0
2605,813.0
2606,48.0
2607,307.0
2608,890.0
2609,866.0
2610,969.0
2611,713.0
2612,762.0
2613,59.0
2614,213.0
2615,405.0
2616,120.0
2617,50.0
2618,580.0
2619,989.0
2620,54.0
2621,967.0
2622,557.0
2623,49.0
2624,846.0
2625,405.0
2626,771.0
2627,653.0
2628,974.0
2629,987.0
2630,168.0
2631,454.0
2632,928.0
2633,13.0
2634,68.0
2635,969.0
2636,512.0
2637,439.0
2638,318.0
2639,902.0
2640,615.0
2641,273.0
2642,149.0
2643,104.0
2644,788.0
2645,815.0
2646,445.0
2647,984.0
2648,832.0
2649,49.0
2650,255.0
2651,41.0
2652,489.0
2653,168.0
2654,29.0
2655,884.0
2656,997.0
2657,405.0
2658,168.0
2659,497.0
2660,216.0
2661,501.0
2662,168.0
2663,9.0
2664,75.0
2665,569.0
2666,97.0
2667,75.0
2668,68.0
2669,130.0
2670,251.0
2671,168.0
2672,454.0
2673,405.0
2674,489.0
2675,512.0
2676,405.0
2677,381.0
2678,151.0
2679,813.0
2680,605.0
2681,939.0
2682,273.0
2683,13.0
2684,54.0
2685,813.0
2686,361.0
2687,924.0
2688,627.0
2689,49.0
2690,130.0
2691,543.0
2692,130.0
2693,813.0
2694,13.0
2695,130.0
2696,839.0
2697,130.0
2698,168.0
2699,213.0
2700,823.0
2701,130.0
2702,824.0
2703,149.0
2704,239.0
2705,352.0
2706,916.0
2707,255.0
2708,778.0
2709,984.0
2710,829.0
2711,168.0
2712,391.0
2713,94.0
2714,305.0
2715,255.0
2716,635.0
2717,149.0
2718,42.0
2719,785.0
2720,305.0
2721,855.0
2722,855.0
2723,813.0
2724,68.0
2725,436.0
2726,305.0
2727,489.0
2728,49.0
2729,273.0
2730,317.0
2731,130.0
2732,49.0
2733,130.0
2734,41.0
2735,939.0
2736,41.0
2737,585.0
2738,924.0
2739,939.0
2740,989.0
2741,307.0
2742,310.0
2743,813.0
2744,533.0
2745,839.0
2746,138.0
2747,997.0
2748,130.0
2749,120.0
2750,627.0
2751,405.0
2752,445.0
2753,405.0
2754,29.0
2755,575.0
2756,454.0
2757,533.0
2758,405.0
2759,195.0
2760,713.0
2761,974.0
2762,921.0
2763,846.0
2764,580.0
2765,168.0
2766,1.0
2767,813.0
2768,798.0
2769,97.0
2770,68.0
2771,149.0
2772,924.0
2773,921.0
2774,6.0
2775,49.0
2776,839.0
2777,202.0
2778,213.0
2779,213.0
2780,27.0
2781,660.0
2782,9.0
2783,405.0
2784,454.0
2785,932.0
2786,168.0
2787,273.0
2788,432.0
2789,251.0
2790,627.0
2791,615.0
2792,213.0
2793,627.0
2794,844.0
2795,454.0
2796,319.0
2797,168.0
2798,1.0
2799,831.0
2800,317.0
2801,924.0
2802,789.0
2803,130.0
2804,41.0
2805,866.0
2806,924.0
2807,979.0
2808,75.0
2809,756.0
2810,512.0
2811,104.0
2812,924.0
2813,325.0
2814,844.0
2815,445.0
2816,924.0
2817,75.0
2818,454.0
2819,921.0
2820,363.0
2821,909.0
2822,500.0
2823,470.0
2824,213.0
2825,445.0
2826,902.0
2827,315.0
2828,468.0
2829,902.0
2830,815.0
2831,149.0
2832,921.0
2833,455.0
2834,559.0
2835,955.0
2836,352.0
2837,813.0
2838,570.0
2839,232.0
2840,917.0
2841,917.0
2842,168.0
2843,909.0
2844,445.0
2845,997.0
2846,8.0
2847,813.0
2848,762.0
2849,613.0
2850,832.0
2851,361.0
2852,924.0
2853,305.0
2854,813.0
2855,216.0
2856,120.0
2857,354.0
2858,324.0
2859,917.0
2860,445.0
2861,49.0
2862,445.0
2863,405.0
2864,597.0
2865,13.0
2866,924.0
2867,213.0
2868,213.0
2869,273.0
2870,946.0
2871,939.0
2872,912.0
2873,884.0
2874,767.0
2875,884.0
2876,354.0
2877,684.0
2878,405.0
2879,820.0
2880,846.0
2881,504.0
2882,559.0
2883,361.0
2884,974.0
2885,13.0
2886,575.0
2887,946.0
2888,251.0
2889,917.0
2890,361.0
2891,168.0
2892,880.0
2893,605.0
2894,909.0
2895,884.0
2896,216.0
2897,213.0
2898,866.0
2899,762.0
2900,813.0
2901,149.0
2902,974.0
2903,586.0
2904,946.0
2905,665.0
2906,886.0
2907,832.0
2908,49.0
2909,813.0
2910,928.0
2911,946.0
2912,997.0
2913,305.0
2914,429.0
2915,866.0
2916,371.0
2917,813.0
2918,454.0
2919,946.0
2920,125.0
2921,661.0
2922,59.0
2923,168.0
2924,358.0
2925,445.0
2926,445.0
2927,454.0
2928,83.0
2929,580.0
2930,997.0
2931,445.0
2932,813.0
2933,59.0
2934,361.0
2935,130.0
2936,163.0
2937,917.0
2938,213.0
2939,317.0
2940,48.0
2941,361.0
2942,239.0
2943,68.0
2944,317.0
2945,891.0
2946,946.0
2947,909.0
2948,866.0
2949,166.0
2950,179.0
2951,361.0
2952,660.0
2953,501.0
2954,405.0
2955,756.0
2956,104.0
2957,48.0
2958,575.0
2959,632.0
2960,305.0
2961,325.0
2962,789.0
2963,989.0
2964,75.0
2965,200.0
2966,559.0
2967,120.0
2968,305.0
2969,939.0
2970,9.0
2971,325.0
2972,130.0
2973,505.0
2974,193.0
2975,960.0
2976,559.0
2977,130.0
2978,6.0
2979,984.0
2980,568.0
2981,111.0
2982,915.0
2983,251.0
2984,310.0
2985,489.0
2986,979.0
2987,151.0
2988,68.0
2989,273.0
2990,512.0
2991,330.0
2992,984.0
2993,707.0
2994,543.0
2995,916.0
2996,375.0
2997,48.0
2998,533.0
2999,570.0
3000,468.0
3001,405.0
3002,445.0
3003,916.0
3004,83.0
3005,371.0
3006,813.0
3007,6.0
3008,654.0
3009,928.0
3010,318.0
3011,974.0
3012,168.0
3013,176.0
3014,68.0
3015,75.0
3016,655.0
3017,721.0
3018,251.0
3019,19.0
3020,200.0
3021,939.0
3022,213.0
3023,251.0
3024,660.0
3025,917.0
3026,59.0
3027,924.0
3028,75.0
3029,68.0
3030,251.0
3031,489.0
3032,823.0
3033,813.0
3034,50.0
3035,917.0
3036,432.0
3037,59.0
3038,405.0
3039,54.0
3040,168.0
3041,41.0
3042,866.0
3043,49.0
3044,138.0
3045,318.0
3046,839.0
3047,575.0
3048,168.0
3049,832.0
3050,193.0
3051,78.0
3052,315.0
3053,902.0
3054,997.0
3055,49.0
3056,813.0
3057,580.0
3058,928.0
3059,405.0
3060,251.0
3061,803.0
3062,168.0
3063,405.0
3064,75.0
3065,762.0
3066,489.0
3067,789.0
3068,813.0
3069,307.0
3070,809.0
3071,660.0
3072,489.0
3073,130.0
3074,884.0
3075,27.0
3076,580.0
3077,9.0
3078,855.0
3079,909.0
3080,1.0
3081,127.0
3082,717.0
3083,862.0
3084,543.0
3085,974.0
3086,756.0
3087,310.0
3088,813.0
3089,627.0
3090,527.0
3091,149.0
3092,104.0
3093,575.0
3094,127.0
3095,891.0
3096,144.0
3097,454.0
3098,639.0
3099,543.0
3100,130.0
3101,813.0
3102,465.0
3103,660.0
3104,500.0
3105,597.0
3106,49.0
3107,213.0
3108,343.0
3109,997.0
3110,684.0
3111,59.0
3112,905.0
3113,916.0
3114,812.0
3115,174.0
3116,352.0
3117,974.0
3118,832.0
3119,912.0
3120,352.0
3121,305.0
3122,946.0
3123,217.0
3124,13.0
3125,352.0
3126,570.0
3127,149.0
3128,343.0
3129,445.0
3130,104.0
3131,660.0
3132,305.0
3133,273.0
3134,917.0
3135,130.0
3136,789.0
3137,213.0
3138,928.0
3139,305.0
3140,989.0
3141,527.0
3142,454.0
3143,823.0
3144,924.0
3145,997.0
3146,575.0
3147,127.0
3148,627.0
3149,224.0
3150,924.0
3151,884.0
3152,130.0
3153,127.0
3154,917.0
3155,909.0
3156,130.0
3157,984.0
3158,13.0
3159,361.0
3160,960.0
3161,130.0
3162,193.0
3163,138.0
3164,917.0
3165,815.0
3166,445.0
3167,891.0
3168,317.0
3169,533.0
3170,406.0
3171,779.0
3172,130.0
3173,559.0
3174,559.0
3175,75.0
3176,48.0
3177,130.0
3178,13.0
3179,880.0
3180,811.0
3181,677.0
3182,500.0
3183,310.0
3184,50.0
3185,662.0
3186,436.0
3187,580.0
3188,186.0
3189,928.0
3190,432.0
3191,718.0
3192,405.0
3193,581.0
3194,361.0
3195,561.0
3196,580.0
3197,13.0
3198,41.0
3199,946.0
3200,795.0
3201,684.0
3202,821.0
3203,803.0
3204,49.0
3205,317.0
3206,795.0
3207,49.0
3208,974.0
3209,405.0
3210,402.0
3211,251.0
3212,813.0
3213,789.0
3214,721.0
3215,495.0
3216,8.0
3217,627.0
3218,371.0
3219,49.0
3220,909.0
3221,917.0
3222,561.0
3223,974.0
3224,375.0
3225,917.0
3226,891.0
3227,912.0
3228,912.0
3229,813.0
3230,354.0
3231,812.0
3232,884.0
3233,633.0
3234,632.0
3235,570.0
3236,924.0
3237,343.0
3238,317.0
3239,202.0
3240,789.0
3241,136.0
3242,795.0
3243,445.0
3244,660.0
3245,130.0
3246,50.0
3247,130.0
3248,445.0
3249,120.0
3250,543.0
3251,474.0
3252,997.0
3253,789.0
3254,902.0
3255,987.0
3256,361.0
3257,94.0
3258,130.0
3259,580.0
3260,402.0
3261,325.0
3262,68.0
3263,292.0
3264,67.0
3265,94.0
3266,798.0
3267,75.0
3268,13.0
3269,613.0
3270,527.0
3271,584.0
3272,916.0
3273,844.0
3274,813.0
3275,580.0
3276,111.0
3277,151.0
3278,789.0
3279,305.0
3280,405.0
3281,48.0
3282,809.0
3283,325.0
3284,909.0
3285,557.0
3286,168.0
3287,371.0
3288,255.0
3289,41.0
3290,168.0
3291,580.0
3292,821.0
3293,9.0
3294,305.0
3295,916.0
3296,627.0
3297,928.0
3298,913.0
3299,402.0
3300,489.0
3301,149.0
3302,216.0
3303,660.0
3304,59.0
3305,661.0
3306,50.0
3307,558.0
3308,866.0
3309,866.0
3310,824.0
3311,984.0
3312,844.0
3313,924.0
3314,41.0
3315,130.0
3316,13.0
3317,578.0
3318,665.0
3319,305.0
3320,846.0
3321,273.0
3322,213.0
3323,924.0
3324,290.0
3325,924.0
3326,50.0
3327,557.0
3328,405.0
3329,597.0
3330,580.0
3331,916.0
3332,533.0
3333,924.0
3334,788.0
3335,200.0
3336,273.0
3337,213.0
3338,13.0
3339,832.0
3340,498.0
3341,474.0
3342,971.0
3343,813.0
3344,75.0
3345,251.0
3346,251.0
3347,130.0
3348,813.0
3349,909.0
3350,13.0
3351,984.0
3352,846.0
3353,139.0
3354,391.0
3355,886.0
3356,48.0
3357,99.0
3358,713.0
3359,305.0
3360,924.0
3361,895.0
3362,580.0
3363,352.0
3364,54.0
3365,684.0
3366,49.0
3367,59.0
3368,48.0
3369,75.0
3370,49.0
3371,946.0
3372,512.0
3373,266.0
3374,627.0
3375,823.0
3376,432.0
3377,292.0
3378,489.0
3379,533.0
3380,83.0
3381,75.0
3382,815.0
3383,294.0
3384,812.0
3385,609.0
3386,815.0
3387,354.0
3388,920.0
3389,6.0
3390,361.0
3391,575.0
3392,813.0
3393,13.0
3394,909.0
3395,575.0
3396,42.0
3397,445.0
3398,725.0
3399,495.0
3400,969.0
3401,363.0
3402,917.0
3403,67.0
3404,886.0
3405,575.0
3406,989.0
3407,239.0
3408,580.0
3409,831.0
3410,924.0
3411,983.0
3412,149.0
3413,655.0
3414,75.0
3415,813.0
3416,273.0
3417,558.0
3418,213.0
3419,535.0
3420,361.0
3421,495.0
3422,489.0
3423,580.0
3424,946.0
3425,213.0
3426,213.0
3427,440.0
3428,292.0
3429,405.0
3430,361.0
3431,213.0
3432,213.0
3433,256.0
3434,967.0
3435,127.0
3436,997.0
3437,454.0
3438,251.0
3439,924.0
3440,68.0
3441,190.0
3442,813.0
3443,803.0
3444,49.0
3445,635.0
3446,48.0
3447,832.0
3448,130.0
3449,789.0
3450,575.0
3451,569.0
3452,831.0
3453,890.0
3454,441.0
3455,446.0
3456,149.0
3457,120.0
3458,193.0
3459,371.0
3460,361.0
3461,807.0
3462,118.0
3463,168.0
3464,989.0
3465,928.0
3466,213.0
3467,984.0
3468,823.0
3469,19.0
3470,533.0
3471,580.0
3472,49.0
3473,939.0
3474,946.0
3475,895.0
3476,974.0
3477,580.0
3478,8.0
3479,318.0
3480,168.0
3481,168.0
3482,627.0
3483,834.0
3484,371.0
3485,130.0
3486,909.0
3487,895.0
3488,597.0
3489,813.0
3490,916.0
3491,495.0
3492,813.0
3493,75.0
3494,586.0
3495,67.0
3496,59.0
3497,917.0
3498,149.0
3499,405.0
3500,49.0
3501,987.0
3502,946.0
3503,361.0
3504,405.0
3505,280.0
3506,213.0
3507,598.0
3508,580.0
3509,974.0
3510,75.0
3511,917.0
3512,94.0
3513,138.0
3514,408.0
3515,149.0
3516,319.0
3517,149.0
3518,251.0
3519,501.0
3520,909.0
3521,49.0
3522,405.0
3523,623.0
3524,75.0
3525,405.0
3526,361.0
3527,632.0
3528,916.0
3529,813.0
3530,504.0
3531,130.0
3532,59.0
3533,928.0
3534,866.0
3535,575.0
3536,720.0
3537,570.0
3538,997.0
3539,989.0
3540,880.0
3541,923.0
3542,445.0
3543,635.0
3544,9.0
3545,130.0
3546,866.0
3547,317.0
3548,125.0
3549,627.0
3550,68.0
3551,813.0
3552,970.0
3553,168.0
3554,361.0
3555,68.0
3556,916.0
3557,660.0
3558,436.0
3559,68.0
3560,946.0
3561,834.0
3562,789.0
3563,49.0
3564,405.0
3565,553.0
3566,527.0
3567,463.0
3568,360.0
3569,216.0
3570,130.0
3571,440.0
3572,138.0
3573,609.0
3574,917.0
3575,974.0
3576,557.0
3577,251.0
3578,559.0
3579,319.0
3580,866.0
3581,317.0
3582,1.0
3583,543.0
3584,363.0
3585,895.0
3586,921.0
3587,924.0
3588,405.0
3589,405.0
3590,216.0
3591,756.0
3592,917.0
3593,402.0
3594,924.0
3595,149.0
3596,445.0
3597,405.0
3598,823.0
3599,317.0
3600,13.0
3601,609.0
3602,823.0
3603,1.0
3604,440.0
3605,317.0
3606,213.0
3607,839.0
3608,862.0
3609,305.0
3610,134.0
3611,823.0
3612,559.0
3613,917.0
3614,832.0
3615,533.0
3616,939.0
3617,499.0
3618,1.0
3619,445.0
3620,813.0
3621,361.0
3622,307.0
3623,454.0
3624,13.0
3625,884.0
3626,909.0
3627,984.0
3628,585.0
3629,144.0
3630,974.0
3631,656.0
3632,352.0
3633,352.0
3634,49.0
3635,585.0
3636,505.0
3637,813.0
3638,884.0
3639,997.0
3640,989.0
3641,402.0
3642,559.0
3643,813.0
3644,917.0
3645,924.0
3646,995.0
3647,68.0
3648,317.0
3649,987.0
3650,984.0
3651,924.0
3652,352.0
3653,946.0
3654,305.0
3655,405.0
3656,655.0
3657,813.0
3658,615.0
3659,635.0
3660,909.0
3661,974.0
3662,601.0
3663,601.0
3664,149.0
3665,924.0
3666,251.0
3667,454.0
3668,361.0
3669,475.0
3670,916.0
3671,317.0
3672,305.0
3673,997.0
3674,168.0
3675,890.0
3676,891.0
3677,97.0
3678,405.0
3679,9.0
3680,262.0
3681,839.0
3682,13.0
3683,762.0
3684,324.0
3685,130.0
3686,775.0
3687,120.0
3688,361.0
3689,897.0
3690,580.0
3691,924.0
3692,609.0
3693,149.0
3694,762.0
3695,660.0
3696,41.0
3697,884.0
3698,168.0
3699,831.0
3700,795.0
3701,13.0
3702,946.0
3703,48.0
3704,371.0
3705,49.0
3706,48.0
3707,720.0
3708,575.0
3709,213.0
3710,465.0
3711,512.0
3712,67.0
3713,815.0
3714,13.0
3715,997.0
3716,979.0
3717,987.0
3718,363.0
3719,597.0
3720,989.0
3721,130.0
3722,846.0
3723,99.0
3724,41.0
3725,405.0
3726,75.0
3727,319.0
3728,405.0
3729,997.0
3730,916.0
3731,41.0
3732,586.0
3733,130.0
3734,474.0
3735,983.0
3736,130.0
3737,445.0
3738,924.0
3739,41.0
3740,643.0
3741,575.0
3742,288.0
3743,255.0
3744,913.0
3745,149.0
3746,307.0
3747,48.0
3748,325.0
3749,389.0
3750,580.0
3751,778.0
3752,405.0
3753,601.0
3754,405.0
3755,660.0
3756,78.0
3757,305.0
3758,924.0
3759,823.0
3760,213.0
3761,49.0
3762,462.0
3763,921.0
3764,251.0
3765,224.0
3766,740.0
3767,832.0
3768,305.0
3769,405.0
3770,924.0
3771,880.0
3772,104.0
3773,292.0
3774,48.0
3775,213.0
3776,213.0
3777,41.0
3778,970.0
3779,815.0
3780,580.0
3781,916.0
3782,168.0
3783,402.0
3784,762.0
3785,307.0
3786,820.0
3787,924.0
3788,408.0
3789,997.0
3790,917.0
3791,660.0
3792,361.0
3793,317.0
3794,902.0
3795,580.0
3796,607.0
3797,120.0
3798,756.0
3799,325.0
3800,213.0
3801,216.0
3802,25.0
3803,289.0
3804,706.0
3805,13.0
3806,660.0
3807,543.0
3808,407.0
3809,168.0
3810,54.0
3811,767.0
3812,527.0
3813,627.0
3814,49.0
3815,41.0
3816,660.0
3817,570.0
3818,361.0
3819,813.0
3820,193.0
3821,130.0
3822,607.0
3823,444.0
3824,41.0
3825,78.0
3826,627.0
3827,158.0
3828,50.0
3829,917.0
3830,255.0
3831,70.0
3832,305.0
3833,946.0
3834,104.0
3835,499.0
3836,59.0
3837,440.0
3838,846.0
3839,633.0
3840,405.0
3841,489.0
3842,813.0
3843,946.0
3844,772.0
3845,197.0
3846,660.0
3847,440.0
3848,909.0
3849,462.0
3850,613.0
3851,94.0
3852,924.0
3853,928.0
3854,317.0
3855,512.0
3856,632.0
3857,200.0
3858,94.0
3859,585.0
3860,13.0
3861,832.0
3862,445.0
3863,831.0
3864,9.0
3865,483.0
3866,946.0
3867,405.0
3868,361.0
3869,924.0
3870,445.0
3871,75.0
3872,924.0
3873,495.0
3874,902.0
3875,389.0
3876,813.0
3877,909.0
3878,984.0
3879,50.0
3880,974.0
3881,557.0
3882,570.0
3883,541.0
3884,866.0
3885,305.0
3886,917.0
3887,75.0
3888,149.0
3889,352.0
3890,909.0
3891,789.0
3892,255.0
3893,317.0
3894,305.0
3895,909.0
3896,9.0
3897,25.0
3898,251.0
3899,839.0
3900,884.0
3901,601.0
3902,138.0
3903,839.0
3904,946.0
3905,831.0
3906,495.0
3907,454.0
3908,866.0
3909,924.0
3910,905.0
3911,920.0
3912,512.0
3913,49.0
3914,974.0
3915,970.0
3916,251.0
3917,41.0
3918,924.0
3919,983.0
3920,120.0
3921,989.0
3922,13.0
3923,49.0
3924,94.0
3925,1.0
3926,262.0
3927,660.0
3928,361.0
3929,639.0
3930,580.0
3931,660.0
3932,177.0
3933,989.0
3934,448.0
3935,785.0
3936,193.0
3937,445.0
3938,27.0
3939,361.0
3940,317.0
3941,436.0
3942,489.0
3943,917.0
3944,368.0
3945,445.0
3946,324.0
3947,180.0
3948,68.0
3949,216.0
3950,921.0
3951,138.0
3952,41.0
3953,989.0
3954,915.0
3955,495.0
3956,789.0
3957,924.0
3958,974.0
3959,813.0
3960,168.0
3961,813.0
3962,317.0
3963,68.0
3964,446.0
3965,924.0
3966,890.0
3967,213.0
3968,42.0
3969,462.0
3970,149.0
3971,445.0
3972,946.0
3973,912.0
3974,917.0
3975,917.0
3976,324.0
3977,746.0
3978,498.0
3979,575.0
3980,130.0
3981,917.0
3982,581.0
3983,891.0
3984,156.0
3985,371.0
3986,130.0
3987,41.0
3988,912.0
3989,50.0
3990,813.0
3991,168.0
3992,454.0
3993,535.0
3994,130.0
3995,474.0
3996,41.0
3997,970.0
3998,166.0
3999,149.0
4000,41.0
4001,213.0
4002,49.0
4003,974.0
4004,839.0
4005,627.0
4006,1.0
4007,445.0
4008,570.0
4009,49.0
4010,120.0
4011,213.0
4012,831.0
4013,974.0
4014,197.0
4015,580.0
4016,445.0
4017,660.0
4018,832.0
4019,832.0
4020,580.0
4021,575.0
4022,445.0
4023,813.0
4024,831.0
4025,75.0
4026,832.0
4027,499.0
4028,48.0
4029,183.0
4030,474.0
4031,997.0
4032,823.0
4033,628.0
4034,813.0
4035,310.0
4036,648.0
4037,168.0
4038,197.0
4039,462.0
4040,317.0
4041,831.0
4042,813.0
4043,771.0
4044,405.0
4045,19.0
4046,984.0
4047,83.0
4048,891.0
4049,909.0
4050,59.0
4051,371.0
4052,746.0
4053,213.0
4054,677.0
4055,139.0
4056,902.0
4057,884.0
4058,352.0
4059,97.0
4060,970.0
4061,59.0
4062,213.0
4063,59.0
4064,405.0
4065,974.0
4066,955.0
4067,13.0
4068,343.0
4069,59.0
4070,516.0
4071,149.0
4072,13.0
4073,273.0
4074,213.0
4075,656.0
4076,580.0
4077,751.0
4078,762.0
4079,166.0
4080,120.0
4081,75.0
4082,866.0
4083,661.0
4084,317.0
4085,917.0
4086,656.0
4087,41.0
4088,168.0
4089,917.0
4090,890.0
4091,130.0
4092,912.0
4093,97.0
4094,627.0
4095,803.0
4096,489.0
4097,49.0
4098,707.0
4099,665.0
4100,445.0
4101,168.0
4102,795.0
4103,405.0
4104,928.0
4105,302.0
4106,924.0
4107,924.0
4108,216.0
4109,812.0
4110,59.0
4111,613.0
4112,512.0
4113,373.0
4114,75.0
4115,762.0
4116,470.0
4117,83.0
4118,543.0
4119,83.0
4120,580.0
4121,310.0
4122,49.0
4123,130.0
4124,308.0
4125,971.0
4126,75.0
4127,402.0
4128,627.0
4129,974.0
4130,855.0
4131,660.0
4132,855.0
4133,655.0
4134,274.0
4135,324.0
4136,823.0
4137,42.0
4138,319.0
4139,60.0
4140,997.0
4141,151.0
4142,41.0
4143,99.0
4144,446.0
4145,684.0
4146,361.0
4147,405.0
4148,489.0
4149,462.0
4150,924.0
4151,584.0
4152,939.0
4153,213.0
4154,831.0
4155,439.0
4156,445.0
4157,924.0
4158,168.0
4159,627.0
4160,772.0
4161,216.0
4162,213.0
4163,317.0
4164,352.0
4165,217.0
4166,9.0
4167,566.0
4168,120.0
4169,789.0
4170,168.0
4171,575.0
4172,130.0
4173,813.0
4174,94.0
4175,580.0
4176,974.0
4177,684.0
4178,213.0
4179,41.0
4180,500.0
4181,997.0
4182,402.0
4183,213.0
4184,370.0
4185,512.0
4186,813.0
4187,974.0
4188,997.0
4189,407.0
4190,823.0
4191,180.0
4192,955.0
4193,138.0
4194,49.0
4195,917.0
4196,512.0
4197,168.0
4198,251.0
4199,575.0
4200,149.0
4201,495.0
4202,997.0
4203,756.0
4204,193.0
4205,798.0
4206,844.0
4207,13.0
4208,924.0
4209,48.0
4210,575.0
4211,405.0
4212,130.0
4213,498.0
4214,823.0
4215,454.0
4216,779.0
4217,884.0
4218,932.0
4219,543.0
4220,361.0
4221,305.0
4222,971.0
4223,402.0
4224,60.0
4225,317.0
4226,102.0
4227,363.0
4228,59.0
4229,527.0
4230,984.0
4231,498.0
4232,813.0
4233,677.0
4234,924.0
4235,651.0
4236,813.0
4237,13.0
4238,884.0
4239,812.0
4240,813.0
4241,251.0
4242,213.0
4243,921.0
4244,846.0
4245,445.0
4246,213.0
4247,13.0
4248,213.0
4249,620.0
4250,465.0
4251,13.0
4252,597.0
4253,445.0
4254,846.0
4255,354.0
4256,405.0
4257,48.0
4258,495.0
4259,305.0
4260,916.0
4261,813.0
4262,517.0
4263,130.0
4264,266.0
4265,916.0
4266,130.0
4267,343.0
4268,916.0
4269,660.0
4270,324.0
4271,815.0
4272,49.0
4273,13.0
4274,191.0
4275,997.0
4276,213.0
4277,41.0
4278,707.0
4279,575.0
4280,597.0
4281,541.0
4282,99.0
4283,454.0
4284,264.0
4285,361.0
4286,50.0
4287,361.0
4288,813.0
4289,445.0
4290,946.0
4291,13.0
4292,946.0
4293,13.0
4294,13.0
4295,381.0
4296,821.0
4297,125.0
4298,839.0
4299,361.0
4300,798.0
4301,846.0
4302,884.0
4303,317.0
4304,144.0
4305,813.0
4306,974.0
4307,997.0
4308,785.0
4309,280.0
4310,454.0
4311,566.0
4312,882.0
4313,580.0
4314,213.0
4315,928.0
4316,405.0
4317,465.0
4318,180.0
4319,8.0
4320,13.0
4321,559.0
4322,665.0
4323,846.0
4324,168.0
4325,42.0
4326,168.0
4327,317.0
4328,660.0
4329,255.0
4330,67.0
4331,8.0
4332,68.0
4333,193.0
4334,813.0
4335,264.0
4336,949.0
4337,213.0
4338,823.0
4339,628.0
4340,601.0
4341,149.0
4342,251.0
4343,239.0
4344,823.0
4345,580.0
4346,454.0
4347,707.0
4348,527.0
4349,909.0
4350,361.0
4351,916.0
4352,527.0
4353,813.0
4354,391.0
4355,939.0
4356,559.0
4357,779.0
4358,974.0
4359,130.0
4360,543.0
4361,168.0
4362,756.0
4363,264.0
4364,363.0
4365,120.0
4366,905.0
4367,627.0
4368,924.0
4369,465.0
4370,767.0
4371,13.0
4372,823.0
4373,310.0
4374,59.0
4375,909.0
4376,812.0
4377,41.0
4378,251.0
4379,454.0
4380,197.0
4381,405.0
4382,997.0
4383,813.0
4384,559.0
4385,713.0
4386,974.0
4387,217.0
4388,149.0
4389,575.0
4390,239.0
4391,884.0
4392,939.0
4393,180.0
4394,41.0
4395,13.0
4396,866.0
4397,917.0
4398,130.0
4399,788.0
4400,997.0
4401,866.0
4402,149.0
4403,660.0
4404,445.0
4405,924.0
4406,924.0
4407,813.0
4408,296.0
4409,1.0
4410,823.0
4411,575.0
4412,815.0
4413,543.0
4414,130.0
4415,305.0
4416,354.0
4417,713.0
4418,213.0
4419,405.0
4420,498.0
4421,296.0
4422,913.0
4423,813.0
4424,354.0
4425,775.0
4426,613.0
4427,130.0
4428,75.0
4429,298.0
4430,656.0
4431,454.0
4432,251.0
4433,330.0
4434,354.0
4435,354.0
4436,984.0
4437,144.0
4438,266.0
4439,917.0
4440,660.0
4441,139.0
4442,440.0
4443,866.0
4444,213.0
4445,213.0
4446,831.0
4447,939.0
4448,924.0
4449,120.0
4450,946.0
4451,575.0
4452,997.0
4453,13.0
4454,1.0
4455,891.0
4456,213.0
4457,938.0
4458,813.0
4459,989.0
4460,130.0
4461,13.0
4462,902.0
4463,970.0
4464,75.0
4465,381.0
4466,1.0
4467,762.0
4468,445.0
4469,846.0
4470,921.0
4471,527.0
4472,361.0
4473,42.0
4474,971.0
4475,405.0
4476,213.0
4477,813.0
4478,915.0
4479,213.0
4480,561.0
4481,909.0
4482,984.0
4483,193.0
4484,213.0
4485,627.0
4486,361.0
4487,75.0
4488,138.0
4489,884.0
4490,317.0
4491,575.0
4492,41.0
4493,665.0
4494,615.0
4495,946.0
4496,136.0
4497,474.0
4498,454.0
4499,543.0
4500,495.0
4501,13.0
4502,989.0
4503,909.0
4504,49.0
4505,569.0
4506,251.0
4507,138.0
4508,50.0
4509,405.0
4510,512.0
4511,41.0
4512,512.0
4513,767.0
4514,75.0
4515,813.0
4516,361.0
4517,813.0
4518,445.0
4519,767.0
4520,41.0
4521,245.0
4522,979.0
4523,50.0
4524,130.0
4525,684.0
4526,9.0
4527,404.0
4528,120.0
4529,762.0
4530,543.0
4531,832.0
4532,1.0
4533,361.0
4534,912.0
4535,882.0
4536,213.0
4537,462.0
4538,718.0
4539,474.0
4540,216.0
4541,688.0
4542,41.0
4543,454.0
4544,979.0
4545,905.0
4546,533.0
4547,882.0
4548,325.0
4549,13.0
4550,890.0
4551,946.0
4552,49.0
4553,917.0
4554,83.0
4555,41.0
4556,500.0
4557,213.0
4558,168.0
4559,977.0
4560,656.0
4561,351.0
4562,361.0
4563,813.0
4564,627.0
4565,213.0
4566,130.0
4567,19.0
4568,130.0
4569,75.0
4570,324.0
4571,48.0
4572,813.0
4573,370.0
4574,30.0
4575,445.0
4576,139.0
4577,330.0
4578,813.0
4579,720.0
4580,41.0
4581,213.0
4582,361.0
4583,255.0
4584,42.0
4585,97.0
4586,562.0
4587,168.0
4588,924.0
4589,68.0
4590,13.0
4591,41.0
4592,251.0
4593,125.0
4594,597.0
4595,130.0
4596,474.0
4597,909.0
4598,706.0
4599,970.0
4600,798.0
4601,497.0
4602,389.0
4603,960.0
4604,49.0
4605,811.0
4606,448.0
4607,916.0
4608,924.0
4609,575.0
4610,971.0
4611,317.0
4612,120.0
4613,720.0
4614,917.0
4615,392.0
4616,245.0
4617,504.0
4618,821.0
4619,393.0
4620,803.0
4621,319.0
4622,361.0
4623,734.0
4624,660.0
4625,48.0
4626,974.0
4627,319.0
4628,317.0
4629,924.0
4630,361.0
4631,324.0
4632,924.0
4633,759.0
4634,352.0
4635,48.0
4636,916.0
4637,656.0
4638,149.0
4639,193.0
4640,813.0
4641,832.0
4642,984.0
4643,882.0
4644,213.0
4645,660.0
4646,928.0
4647,251.0
4648,917.0
4649,49.0
4650,924.0
4651,533.0
4652,13.0
4653,928.0
4654,251.0
4655,913.0
4656,516.0
4657,100.0
4658,198.0
4659,455.0
4660,354.0
4661,813.0
4662,319.0
4663,216.0
4664,639.0
4665,575.0
4666,42.0
4667,352.0
4668,803.0
4669,405.0
4670,179.0
4671,866.0
4672,815.0
4673,445.0
4674,317.0
4675,813.0
4676,251.0
4677,946.0
4678,660.0
4679,627.0
4680,660.0
4681,924.0
4682,489.0
4683,580.0
4684,13.0
4685,318.0
4686,213.0
4687,909.0
4688,924.0
4689,13.0
4690,319.0
4691,324.0
4692,946.0
4693,921.0
4694,974.0
4695,143.0
4696,127.0
4697,974.0
4698,130.0
4699,59.0
4700,168.0
4701,168.0
4702,151.0
4703,224.0
4704,217.0
4705,721.0
4706,149.0
4707,405.0
4708,120.0
4709,813.0
4710,946.0
4711,977.0
4712,125.0
4713,176.0
4714,216.0
4715,454.0
4716,580.0
4717,762.0
4718,997.0
4719,41.0
4720,909.0
4721,49.0
4722,213.0
4723,767.0
4724,813.0
4725,328.0
4726,831.0
4727,559.0
4728,969.0
4729,445.0
4730,305.0
4731,216.0
4732,570.0
4733,305.0
4734,633.0
4735,405.0
4736,855.0
4737,575.0
4738,317.0
4739,601.0
4740,569.0
4741,909.0
4742,13.0
4743,41.0
4744,813.0
4745,924.0
4746,42.0
4747,213.0
4748,213.0
4749,9.0
4750,821.0
4751,913.0
4752,59.0
4753,924.0
4754,871.0
4755,13.0
4756,13.0
4757,946.0
4758,771.0
4759,213.0
4760,193.0
4761,130.0
4762,813.0
4763,168.0
4764,884.0
4765,921.0
4766,928.0
4767,831.0
4768,361.0
4769,891.0
4770,561.0
4771,213.0
4772,655.0
4773,543.0
4774,49.0
4775,13.0
4776,168.0
4777,882.0
4778,924.0
4779,357.0
4780,917.0
4781,534.0
4782,580.0
4783,289.0
4784,559.0
4785,468.0
4786,361.0
4787,909.0
4788,832.0
4789,813.0
4790,917.0
4791,504.0
4792,75.0
4793,946.0
4794,475.0
4795,656.0
4796,19.0
4797,465.0
4798,41.0
4799,436.0
4800,68.0
4801,620.0
4802,651.0
4803,445.0
4804,984.0
4805,928.0
4806,575.0
4807,49.0
4808,317.0
4809,454.0
4810,813.0
4811,213.0
4812,829.0
4813,25.0
4814,13.0
4815,917.0
4816,216.0
4817,49.0
4818,586.0
4819,917.0
4820,361.0
4821,251.0
4822,989.0
4823,392.0
4824,352.0
4825,771.0
4826,75.0
4827,974.0
4828,94.0
4829,49.0
4830,462.0
4831,997.0
4832,924.0
4833,125.0
4834,48.0
4835,924.0
4836,216.0
4837,213.0
4838,813.0
4839,882.0
4840,239.0
4841,928.0
4842,48.0
4843,213.0
4844,913.0
4845,54.0
4846,50.0
4847,497.0
4848,971.0
4849,317.0
4850,551.0
4851,59.0
4852,924.0
4853,1.0
4854,866.0
4855,984.0
4856,823.0
4857,813.0
4858,533.0
4859,179.0
4860,375.0
4861,325.0
4862,970.0
4863,902.0
4864,307.0
4865,809.0
4866,866.0
4867,193.0
4868,1.0
4869,213.0
4870,980.0
4871,984.0
4872,984.0
4873,977.0
4874,361.0
4875,168.0
4876,213.0
4877,13.0
4878,104.0
4879,905.0
4880,970.0
4881,49.0
4882,909.0
4883,928.0
4884,917.0
4885,454.0
4886,125.0
4887,997.0
4888,832.0
4889,325.0
4890,917.0
4891,984.0
4892,149.0
4893,361.0
4894,454.0
4895,823.0
4896,440.0
4897,255.0
4898,436.0
4899,813.0
4900,149.0
4901,909.0
4902,558.0
4903,813.0
4904,866.0
4905,527.0
4906,405.0
4907,984.0
4908,120.0
4909,251.0
4910,855.0
4911,584.0
4912,264.0
4913,111.0
4914,251.0
4915,924.0
4916,924.0
4917,946.0
4918,361.0
4919,319.0
4920,939.0
4921,1.0
4922,660.0
4923,880.0
4924,767.0
4925,68.0
4926,575.0
4927,468.0
4928,767.0
4929,120.0
4930,929.0
4931,19.0
4932,618.0
4933,891.0
4934,405.0
4935,50.0
4936,815.0
4937,601.0
4938,997.0
4939,139.0
4940,191.0
4941,251.0
4942,361.0
4943,149.0
4944,13.0
4945,168.0
4946,909.0
4947,318.0
4948,381.0
4949,41.0
4950,648.0
4951,607.0
4952,120.0
4953,909.0
4954,533.0
4955,213.0
4956,580.0
4957,197.0
4958,468.0
4959,149.0
4960,213.0
4961,373.0
4962,361.0
4963,127.0
4964,317.0
4965,891.0
4966,224.0
4967,49.0
4968,49.0
4969,475.0
4970,909.0
4971,149.0
4972,813.0
4973,529.0
4974,813.0
4975,317.0
4976,454.0
4977,909.0
4978,405.0
4979,75.0
4980,294.0
4981,823.0
4982,208.0
4983,660.0
4984,305.0
4985,580.0
4986,924.0
4987,100.0
4988,193.0
4989,789.0
4990,979.0
4991,151.0
4992,813.0
4993,566.0
4994,13.0
4995,821.0
4996,120.0
4997,812.0
4998,406.0
4999,909.0
5000,924.0
5001,13.0
5002,615.0
5003,149.0
5004,307.0
5005,445.0
5006,601.0
5007,354.0
5008,580.0
5009,562.0
5010,149.0
5011,660.0
5012,665.0
5013,924.0
5014,977.0
5015,405.0
5016,317.0
5017,575.0
5018,216.0
5019,445.0
5020,979.0
5021,455.0
5022,213.0
5023,361.0
5024,41.0
5025,60.0
5026,120.0
5027,130.0
5028,310.0
5029,813.0
5030,570.0
5031,533.0
5032,445.0
5033,325.0
5034,813.0
5035,139.0
5036,94.0
5037,495.0
5038,13.0
5039,543.0
5040,572.0
5041,168.0
5042,813.0
5043,180.0
5044,130.0
5045,317.0
5046,823.0
5047,361.0
5048,166.0
5049,120.0
5050,251.0
5051,984.0
5052,677.0
5053,924.0
5054,928.0
5055,54.0
5056,821.0
5057,553.0
5058,49.0
5059,607.0
5060,529.0
5061,445.0
5062,13.0
5063,468.0
5064,127.0
5065,584.0
5066,767.0
5067,924.0
5068,720.0
5069,120.0
5070,984.0
5071,813.0
5072,939.0
5073,99.0
5074,224.0
5075,924.0
5076,193.0
5077,916.0
5078,772.0
5079,660.0
5080,974.0
5081,317.0
5082,902.0
5083,813.0
5084,13.0
5085,213.0
5086,251.0
5087,661.0
5088,832.0
5089,924.0
5090,48.0
5091,939.0
5092,13.0
5093,330.0
5094,454.0
5095,68.0
5096,932.0
5097,94.0
5098,811.0
5099,527.0
5100,813.0
5101,280.0
5102,811.0
5103,151.0
5104,924.0
5105,432.0
5106,213.0
5107,273.0
5108,361.0
5109,402.0
5110,917.0
5111,130.0
5112,718.0
5113,565.0
5114,59.0
5115,405.0
5116,149.0
5117,251.0
5118,104.0
5119,251.0
5120,580.0
5121,635.0
5122,997.0
5123,75.0
5124,973.0
5125,928.0
5126,41.0
5127,627.0
5128,158.0
5129,130.0
5130,989.0
5131,381.0
5132,130.0
5133,615.0
5134,823.0
5135,149.0
5136,926.0
5137,68.0
5138,832.0
5139,813.0
5140,408.0
5141,448.0
5142,75.0
5143,310.0
5144,557.0
5145,909.0
5146,882.0
5147,928.0
5148,823.0
5149,891.0
5150,183.0
5151,454.0
5152,570.0
5153,445.0
5154,361.0
5155,580.0
5156,924.0
5157,198.0
5158,924.0
5159,120.0
5160,909.0
5161,912.0
5162,767.0
5163,660.0
5164,405.0
5165,75.0
5166,213.0
5167,130.0
5168,924.0
5169,813.0
5170,195.0
5171,440.0
5172,946.0
5173,997.0
5174,974.0
5175,251.0
5176,803.0
5177,884.0
5178,655.0
5179,997.0
5180,448.0
5181,767.0
5182,391.0
5183,656.0
5184,832.0
5185,813.0
5186,909.0
5187,917.0
5188,831.0
5189,361.0
5190,251.0
5191,59.0
5192,831.0
5193,49.0
5194,475.0
5195,352.0
5196,68.0
5197,557.0
5198,909.0
5199,75.0
5200,68.0
5201,49.0
5202,75.0
5203,789.0
5204,49.0
5205,541.0
5206,474.0
5207,813.0
5208,809.0
5209,813.0
5210,213.0
5211,535.0
5212,924.0
5213,305.0
5214,565.0
5215,388.0
5216,75.0
5217,575.0
5218,960.0
5219,909.0
5220,41.0
5221,928.0
5222,49.0
5223,909.0
5224,448.0
5225,846.0
5226,813.0
5227,440.0
5228,310.0
5229,984.0
5230,13.0
5231,168.0
5232,168.0
5233,916.0
5234,916.0
5235,928.0
5236,318.0
5237,317.0
5238,120.0
5239,813.0
5240,213.0
5241,68.0
5242,866.0
5243,928.0
5244,891.0
5245,580.0
5246,928.0
5247,264.0
5248,325.0
5249,803.0
5250,200.0
5251,317.0
5252,798.0
5253,120.0
5254,317.0
5255,813.0
5256,361.0
5257,543.0
5258,317.0
5259,49.0
5260,813.0
5261,997.0
5262,445.0
5263,139.0
5264,815.0
5265,902.0
5266,924.0
5267,913.0
5268,660.0
5269,767.0
5270,213.0
5271,813.0
5272,454.0
5273,498.0
5274,767.0
5275,720.0
5276,13.0
5277,200.0
5278,251.0
5279,213.0
5280,909.0
5281,928.0
5282,213.0
5283,984.0
5284,974.0
5285,713.0
5286,620.0
5287,886.0
5288,939.0
5289,193.0
5290,974.0
5291,176.0
5292,445.0
5293,884.0
5294,405.0
5295,13.0
5296,317.0
5297,352.0
5298,251.0
5299,884.0
5300,570.0
5301,533.0
5302,213.0
5303,928.0
5304,839.0
5305,213.0
5306,49.0
5307,803.0
5308,813.0
5309,706.0
5310,83.0
5311,65.0
5312,317.0
5313,347.0
5314,895.0
5315,813.0
5316,984.0
5317,815.0
5318,29.0
5319,559.0
5320,42.0
5321,866.0
5322,120.0
5323,928.0
5324,823.0
5325,989.0
5326,813.0
5327,512.0
5328,884.0
5329,839.0
5330,83.0
5331,821.0
5332,635.0
5333,75.0
5334,307.0
5335,813.0
5336,997.0
5337,454.0
5338,529.0
5339,924.0
5340,440.0
5341,912.0
5342,160.0
5343,917.0
5344,351.0
5345,601.0
5346,41.0
5347,177.0
5348,413.0
5349,559.0
5350,777.0
5351,946.0
5352,354.0
5353,974.0
5354,767.0
5355,49.0
5356,213.0
5357,446.0
5358,909.0
5359,946.0
5360,213.0
5361,688.0
5362,13.0
5363,352.0
5364,213.0
5365,130.0
5366,361.0
5367,789.0
5368,307.0
5369,41.0
5370,405.0
5371,909.0
5372,352.0
5373,475.0
5374,213.0
5375,831.0
5376,318.0
5377,660.0
5378,543.0
5379,197.0
5380,470.0
5381,997.0
5382,255.0
5383,68.0
5384,13.0
5385,762.0
5386,974.0
5387,767.0
5388,48.0
5389,273.0
5390,310.0
5391,915.0
5392,557.0
5393,307.0
5394,49.0
5395,924.0
5396,498.0
5397,474.0
5398,823.0
5399,512.0
5400,543.0
5401,251.0
5402,317.0
5403,812.0
5404,111.0
5405,924.0
5406,627.0
5407,273.0
5408,193.0
5409,767.0
5410,660.0
5411,99.0
5412,915.0
5413,200.0
5414,120.0
5415,924.0
5416,846.0
5417,813.0
5418,391.0
5419,41.0
5420,130.0
5421,305.0
5422,656.0
5423,158.0
5424,813.0
5425,104.0
5426,977.0
5427,180.0
5428,813.0
5429,352.0
5430,512.0
5431,946.0
5432,785.0
5433,924.0
5434,924.0
5435,454.0
5436,928.0
5437,813.0
5438,115.0
5439,489.0
5440,213.0
5441,41.0
5442,832.0
5443,343.0
5444,813.0
5445,217.0
5446,9.0
5447,559.0
5448,912.0
5449,823.0
5450,59.0
5451,928.0
5452,917.0
5453,413.0
5454,733.0
5455,767.0
5456,891.0
5457,884.0
5458,997.0
5459,917.0
5460,660.0
5461,307.0
5462,924.0
5463,580.0
5464,815.0
5465,354.0
5466,912.0
5467,660.0
5468,361.0
5469,49.0
5470,866.0
5471,924.0
5472,580.0
5473,832.0
5474,454.0
5475,601.0
5476,406.0
5477,628.0
5478,569.0
5479,660.0
5480,529.0
5481,251.0
5482,134.0
5483,813.0
5484,318.0
5485,997.0
5486,208.0
5487,997.0
5488,569.0
5489,445.0
5490,454.0
5491,924.0
5492,120.0
5493,361.0
5494,405.0
5495,120.0
5496,405.0
5497,251.0
5498,575.0
5499,392.0
5500,924.0
5501,917.0
5502,130.0
5503,213.0
5504,324.0
5505,48.0
5506,130.0
5507,913.0
5508,49.0
5509,440.0
5510,393.0
5511,49.0
5512,635.0
5513,143.0
5514,13.0
5515,317.0
5516,970.0
5517,42.0
5518,130.0
5519,255.0
5520,500.0
5521,813.0
5522,846.0
5523,832.0
5524,915.0
5525,823.0
5526,232.0
5527,94.0
5528,734.0
5529,575.0
5530,50.0
5531,581.0
5532,251.0
5533,501.0
5534,807.0
5535,580.0
5536,643.0
5537,575.0
5538,974.0
5539,439.0
5540,815.0
5541,921.0
5542,917.0
5543,251.0
5544,168.0
5545,580.0
5546,324.0
5547,989.0
5548,762.0
5549,632.0
5550,928.0
5551,13.0
5552,543.0
5553,130.0
5554,809.0
5555,352.0
5556,465.0
5557,815.0
5558,439.0
5559,557.0
5560,213.0
5561,997.0
5562,924.0
5563,352.0
5564,213.0
5565,633.0
5566,846.0
5567,721.0
5568,803.0
5569,75.0
5570,49.0
5571,784.0
5572,402.0
5573,909.0
5574,866.0
5575,406.0
5576,946.0
5577,832.0
5578,886.0
5579,75.0
5580,54.0
5581,454.0
5582,168.0
5583,149.0
5584,974.0
5585,771.0
5586,713.0
5587,9.0
5588,924.0
5589,586.0
5590,48.0
5591,832.0
5592,798.0
5593,130.0
5594,317.0
5595,995.0
5596,149.0
5597,924.0
5598,59.0
5599,41.0
5600,465.0
5601,627.0
5602,929.0
5603,361.0
5604,785.0
5605,9.0
5606,939.0
5607,130.0
5608,42.0
5609,405.0
5610,533.0
5611,200.0
5612,97.0
5613,68.0
5614,41.0
5615,891.0
5616,318.0
5617,917.0
5618,580.0
5619,1.0
5620,405.0
5621,928.0
5622,527.0
5623,529.0
5624,917.0
5625,832.0
5626,264.0
5627,289.0
5628,111.0
5629,368.0
5630,813.0
5631,916.0
5632,789.0
5633,823.0
5634,75.0
5635,317.0
5636,924.0
5637,213.0
5638,59.0
5639,213.0
5640,989.0
5641,921.0
5642,405.0
5643,718.0
5644,971.0
5645,924.0
5646,16.0
5647,445.0
5648,575.0
5649,83.0
5650,970.0
5651,832.0
5652,445.0
5653,94.0
5654,917.0
5655,149.0
5656,977.0
5657,829.0
5658,924.0
5659,884.0
5660,823.0
5661,832.0
5662,984.0
5663,974.0
5664,193.0
5665,533.0
5666,627.0
5667,557.0
5668,347.0
5669,575.0
5670,361.0
5671,251.0
5672,924.0
5673,127.0
5674,41.0
5675,317.0
5676,789.0
5677,917.0
5678,798.0
5679,50.0
5680,777.0
5681,41.0
5682,59.0
5683,13.0
5684,468.0
5685,489.0
5686,984.0
5687,305.0
5688,832.0
5689,49.0
5690,9.0
5691,193.0
5692,83.0
5693,317.0
5694,324.0
5695,310.0
5696,373.0
5697,813.0
5698,158.0
5699,19.0
5700,30.0
5701,352.0
5702,405.0
5703,551.0
5704,405.0
5705,310.0
5706,445.0
5707,767.0
5708,607.0
5709,388.0
5710,813.0
5711,213.0
5712,307.0
5713,495.0
5714,120.0
5715,139.0
5716,48.0
5717,48.0
5718,909.0
5719,149.0
5720,924.0
5721,251.0
5722,440.0
5723,557.0
5724,440.0
5725,543.0
5726,213.0
5727,49.0
5728,90.0
5729,627.0
5730,280.0
5731,813.0
5732,256.0
5733,779.0
5734,684.0
5735,504.0
5736,255.0
5737,884.0
5738,543.0
5739,149.0
5740,746.0
5741,391.0
5742,179.0
5743,193.0
5744,130.0
5745,445.0
5746,627.0
5747,928.0
5748,392.0
5749,891.0
5750,946.0
5751,168.0
5752,166.0
5753,168.0
5754,138.0
5755,939.0
5756,575.0
5757,50.0
5758,213.0
5759,149.0
5760,971.0
5761,983.0
5762,160.0
5763,823.0
5764,200.0
5765,213.0
5766,59.0
5767,41.0
5768,317.0
5769,535.0
5770,317.0
5771,909.0
5772,325.0
5773,997.0
5774,256.0
5775,454.0
5776,832.0
5777,127.0
5778,746.0
5779,512.0
5780,130.0
5781,216.0
5782,9.0
5783,924.0
5784,75.0
5785,946.0
5786,49.0
5787,924.0
5788,575.0
5789,505.0
5790,445.0
5791,1.0
5792,120.0
5793,812.0
5794,627.0
5795,13.0
5796,871.0
5797,489.0
5798,468.0
5799,706.0
5800,470.0
5801,974.0
5802,813.0
5803,648.0
5804,946.0
5805,946.0
5806,78.0
5807,375.0
5808,99.0
5809,405.0
5810,256.0
5811,917.0
5812,75.0
5813,535.0
5814,200.0
5815,130.0
5816,928.0
5817,905.0
5818,405.0
5819,813.0
5820,809.0
5821,318.0
5822,677.0
5823,977.0
5824,660.0
5825,813.0
5826,846.0
5827,497.0
5828,149.0
5829,915.0
5830,979.0
5831,68.0
5832,581.0
5833,125.0
5834,946.0
5835,264.0
5836,361.0
5837,49.0
5838,912.0
5839,839.0
5840,49.0
5841,318.0
5842,454.0
5843,924.0
5844,924.0
5845,512.0
5846,317.0
5847,168.0
5848,954.0
5849,489.0
5850,989.0
5851,191.0
5852,655.0
5853,984.0
5854,880.0
5855,813.0
5856,839.0
5857,468.0
5858,50.0
5859,213.0
5860,866.0
5861,831.0
5862,68.0
5863,580.0
5864,570.0
5865,570.0
5866,168.0
5867,198.0
5868,997.0
5869,317.0
5870,984.0
5871,924.0
5872,354.0
5873,406.0
5874,373.0
5875,984.0
5876,580.0
5877,562.0
5878,224.0
5879,120.0
5880,803.0
5881,166.0
5882,49.0
5883,120.0
5884,512.0
5885,251.0
5886,75.0
5887,543.0
5888,946.0
5889,660.0
5890,569.0
5891,213.0
5892,795.0
5893,915.0
5894,352.0
5895,813.0
5896,575.0
5897,75.0
5898,130.0
5899,317.0
5900,946.0
5901,9.0
5902,834.0
5903,193.0
5904,733.0
5905,575.0
5906,660.0
5907,168.0
5908,361.0
5909,527.0
5910,533.0
5911,586.0
5912,902.0
5913,813.0
5914,821.0
5915,245.0
5916,928.0
5917,405.0
5918,68.0
5919,330.0
5920,533.0
5921,928.0
5922,813.0
5923,489.0
5924,974.0
5925,317.0
5926,795.0
5927,402.0
5928,213.0
5929,149.0
5930,213.0
5931,317.0
5932,924.0
5933,527.0
5934,866.0
5935,627.0
5936,120.0
5937,307.0
5938,970.0
5939,361.0
5940,405.0
5941,924.0
5942,406.0
5943,325.0
5944,343.0
5945,884.0
5946,846.0
5947,517.0
5948,405.0
5949,163.0
5950,627.0
5951,41.0
5952,213.0
5953,130.0
5954,163.0
5955,884.0
5956,439.0
5957,660.0
5958,120.0
5959,168.0
5960,928.0
5961,535.0
5962,347.0
5963,305.0
5964,213.0
5965,49.0
5966,213.0
5967,989.0
5968,475.0
5969,939.0
5970,597.0
5971,813.0
5972,989.0
5973,997.0
5974,660.0
5975,891.0
5976,130.0
5977,916.0
5978,266.0
5979,997.0
5980,213.0
5981,49.0
5982,405.0
5983,149.0
5984,317.0
5985,916.0
5986,317.0
5987,662.0
5988,445.0
5989,474.0
5990,533.0
5991,468.0
5992,149.0
5993,318.0
5994,405.0
5995,839.0
5996,609.0
5997,256.0
5998,855.0
5999,391.0
6000,655.0
6001,446.0
6002,924.0
6003,317.0
6004,921.0
6005,984.0
6006,445.0
6007,213.0
6008,406.0
6009,352.0
6010,916.0
6011,361.0
6012,580.0
6013,580.0
6014,41.0
6015,823.0
6016,406.0
6017,149.0
6018,575.0
6019,897.0
6020,884.0
6021,251.0
6022,245.0
6023,445.0
6024,54.0
6025,455.0
6026,580.0
6027,361.0
6028,49.0
6029,928.0
6030,168.0
6031,134.0
6032,25.0
6033,660.0
6034,59.0
6035,417.0
6036,446.0
6037,846.0
6038,565.0
6039,891.0
6040,49.0
6041,812.0
6042,813.0
6043,49.0
6044,721.0
6045,533.0
6046,120.0
6047,317.0
6048,997.0
6049,305.0
6050,909.0
6051,417.0
6052,926.0
6053,570.0
6054,213.0
6055,607.0
6056,533.0
6057,926.0
6058,535.0
6059,371.0
6060,779.0
6061,915.0
6062,939.0
6063,721.0
6064,597.0
6065,371.0
6066,756.0
6067,65.0
6068,813.0
6069,570.0
6070,580.0
6071,120.0
6072,213.0
6073,866.0
6074,928.0
6075,317.0
6076,59.0
6077,325.0
6078,505.0
6079,120.0
6080,13.0
6081,67.0
6082,970.0
6083,989.0
6084,512.0
6085,846.0
6086,149.0
6087,120.0
6088,924.0
6089,924.0
6090,809.0
6091,897.0
6092,213.0
6093,405.0
6094,13.0
6095,13.0
6096,193.0
6097,324.0
6098,660.0
6099,127.0
6100,41.0
6101,371.0
6102,813.0
6103,213.0
6104,13.0
6105,575.0
6106,570.0
6107,917.0
6108,832.0
6109,251.0
6110,561.0
6111,130.0
6112,813.0
6113,1.0
6114,361.0
6115,823.0
6116,50.0
6117,381.0
6118,41.0
6119,733.0
6120,543.0
6121,580.0
6122,809.0
6123,529.0
6124,939.0
6125,441.0
6126,48.0
6127,655.0
6128,570.0
6129,897.0
6130,917.0
6131,834.0
6132,533.0
6133,756.0
6134,405.0
6135,317.0
6136,601.0
6137,489.0
6138,660.0
6139,917.0
6140,213.0
6141,318.0
6142,846.0
6143,891.0
6144,970.0
6145,245.0
6146,756.0
6147,891.0
6148,575.0
6149,50.0
6150,168.0
6151,75.0
6152,361.0
6153,767.0
6154,361.0
6155,884.0
6156,559.0
6157,917.0
6158,618.0
6159,620.0
6160,813.0
6161,580.0
6162,213.0
6163,566.0
6164,813.0
6165,553.0
6166,821.0
6167,361.0
6168,917.0
6169,130.0
6170,779.0
6171,361.0
6172,361.0
6173,683.0
6174,809.0
6175,440.0
6176,785.0
6177,60.0
6178,820.0
6179,251.0
6180,615.0
6181,775.0
6182,924.0
6183,305.0
6184,138.0
6185,498.0
6186,928.0
6187,762.0
6188,94.0
6189,562.0
6190,317.0
6191,371.0
6192,813.0
6193,41.0
6194,49.0
6195,866.0
6196,193.0
6197,174.0
6198,94.0
6199,439.0
6200,584.0
6201,813.0
6202,213.0
6203,924.0
6204,500.0
6205,924.0
6206,310.0
6207,168.0
6208,361.0
6209,251.0
6210,216.0
6211,946.0
6212,706.0
6213,130.0
6214,866.0
6215,615.0
6216,213.0
6217,917.0
6218,9.0
6219,177.0
6220,130.0
6221,120.0
6222,561.0
6223,8.0
6224,665.0
6225,884.0
6226,213.0
6227,635.0
6228,127.0
6229,939.0
6230,928.0
6231,439.0
6232,812.0
6233,445.0
6234,255.0
6235,361.0
6236,50.0
6237,970.0
6238,193.0
6239,706.0
6240,75.0
6241,974.0
6242,543.0
6243,884.0
6244,921.0
6245,813.0
6246,307.0
6247,50.0
6248,921.0
6249,25.0
6250,928.0
6251,440.0
6252,224.0
6253,909.0
6254,104.0
6255,607.0
6256,974.0
6257,177.0
6258,436.0
6259,813.0
6260,391.0
6261,512.0
6262,49.0
6263,440.0
6264,832.0
6265,41.0
6266,688.0
6267,585.0
6268,13.0
6269,512.0
6270,846.0
6271,615.0
6272,130.0
6273,405.0
6274,946.0
6275,928.0
6276,305.0
6277,866.0
6278,49.0
6279,946.0
6280,262.0
6281,846.0
6282,343.0
6283,984.0
6284,721.0
6285,535.0
6286,912.0
6287,909.0
6288,912.0
6289,251.0
6290,1.0
6291,375.0
6292,575.0
6293,49.0
6294,498.0
6295,495.0
6296,997.0
6297,352.0
6298,307.0
6299,917.0
6300,318.0
6301,97.0
6302,997.0
6303,256.0
6304,1.0
6305,59.0
6306,813.0
6307,917.0
6308,984.0
6309,839.0
6310,627.0
6311,660.0
6312,762.0
6313,533.0
6314,798.0
6315,34.0
6316,884.0
6317,575.0
6318,866.0
6319,75.0
6320,402.0
6321,462.0
6322,917.0
6323,974.0
6324,813.0
6325,767.0
6326,607.0
6327,130.0
6328,294.0
6329,59.0
6330,361.0
6331,163.0
6332,803.0
6333,895.0
6334,371.0
6335,916.0
6336,120.0
6337,120.0
6338,50.0
6339,823.0
6340,19.0
6341,319.0
6342,217.0
6343,166.0
6344,168.0
6345,317.0
6346,916.0
6347,75.0
6348,42.0
6349,995.0
6350,193.0
6351,168.0
6352,946.0
6353,832.0
6354,75.0
6355,939.0
6356,361.0
6357,626.0
6358,924.0
6359,924.0
6360,445.0
6361,41.0
6362,325.0
6363,627.0
6364,474.0
6365,454.0
6366,832.0
6367,575.0
6368,13.0
6369,6.0
6370,575.0
6371,924.0
6372,733.0
6373,997.0
6374,50.0
6375,977.0
6376,884.0
6377,9.0
6378,370.0
6379,798.0
6380,974.0
6381,660.0
6382,445.0
6383,811.0
6384,179.0
6385,174.0
6386,811.0
6387,627.0
6388,924.0
6389,104.0
6390,917.0
6391,166.0
6392,49.0
6393,68.0
6394,470.0
6395,251.0
6396,884.0
6397,6.0
6398,19.0
6399,559.0
6400,405.0
6401,512.0
6402,946.0
6403,627.0
6404,891.0
6405,997.0
6406,49.0
6407,49.0
6408,308.0
6409,917.0
6410,832.0
6411,970.0
6412,127.0
6413,273.0
6414,500.0
6415,352.0
6416,928.0
6417,318.0
6418,49.0
6419,916.0
6420,917.0
6421,575.0
6422,48.0
6423,330.0
6424,405.0
6425,813.0
6426,917.0
6427,25.0
6428,13.0
6429,302.0
6430,527.0
6431,928.0
6432,632.0
6433,866.0
6434,767.0
6435,49.0
6436,871.0
6437,273.0
6438,656.0
6439,570.0
6440,208.0
6441,970.0
6442,361.0
6443,130.0
6444,317.0
6445,533.0
6446,762.0
6447,891.0
6448,660.0
6449,25.0
6450,890.0
6451,130.0
6452,305.0
6453,470.0
6454,361.0
6455,660.0
6456,41.0
6457,6.0
6458,916.0
6459,517.0
6460,767.0
6461,928.0
6462,266.0
6463,264.0
6464,580.0
6465,54.0
6466,846.0
6467,813.0
6468,50.0
6469,49.0
6470,42.0
6471,803.0
6472,570.0
6473,99.0
6474,273.0
6475,130.0
6476,924.0
6477,557.0
6478,580.0
6479,928.0
6480,13.0
6481,75.0
6482,405.0
6483,628.0
6484,54.0
6485,720.0
6486,317.0
6487,811.0
6488,734.0
6489,13.0
6490,361.0
6491,884.0
6492,41.0
6493,402.0
6494,989.0
6495,884.0
6496,317.0
6497,474.0
6498,454.0
6499,130.0
6500,177.0
6501,839.0
6502,569.0
6503,803.0
6504,656.0
6505,785.0
6506,620.0
6507,917.0
6508,251.0
6509,305.0
6510,454.0
6511,352.0
6512,501.0
6513,559.0
6514,41.0
6515,660.0
6516,884.0
6517,924.0
6518,200.0
6519,946.0
6520,468.0
6521,352.0
6522,405.0
6523,677.0
6524,455.0
6525,924.0
6526,813.0
6527,264.0
6528,474.0
6529,6.0
6530,489.0
6531,823.0
6532,429.0
6533,324.0
6534,946.0
6535,812.0
6536,130.0
6537,832.0
6538,370.0
6539,13.0
6540,13.0
6541,318.0
6542,49.0
6543,917.0
6544,213.0
6545,984.0
6546,405.0
6547,54.0
6548,13.0
6549,580.0
6550,75.0
6551,68.0
6552,772.0
6553,533.0
6554,585.0
6555,813.0
6556,489.0
6557,49.0
6558,402.0
6559,213.0
6560,499.0
6561,915.0
6562,926.0
6563,846.0
6564,939.0
6565,213.0
6566,120.0
6567,352.0
6568,984.0
6569,921.0
6570,924.0
6571,795.0
6572,361.0
6573,829.0
6574,661.0
6575,288.0
6576,886.0
6577,50.0
6578,454.0
6579,866.0
6580,813.0
6581,432.0
6582,130.0
6583,909.0
6584,974.0
6585,627.0
6586,224.0
6587,884.0
6588,575.0
6589,317.0
6590,213.0
6591,454.0
6592,627.0
6593,251.0
6594,305.0
6595,989.0
6596,946.0
6597,489.0
6598,454.0
6599,812.0
6600,516.0
6601,50.0
6602,213.0
6603,305.0
6604,902.0
6605,580.0
6606,974.0
6607,660.0
6608,251.0
6609,308.0
6610,436.0
6611,924.0
6612,660.0
6613,255.0
6614,989.0
6615,495.0
6616,255.0
6617,356.0
6618,489.0
6619,813.0
6620,812.0
6621,559.0
6622,557.0
6623,984.0
6624,984.0
6625,305.0
6626,130.0
6627,866.0
6628,987.0
6629,26.0
6630,48.0
6631,909.0
6632,512.0
6633,213.0
6634,50.0
6635,50.0
6636,581.0
6637,909.0
6638,10.0
6639,917.0
6640,59.0
6641,997.0
6642,529.0
6643,255.0
6644,49.0
6645,997.0
6646,213.0
6647,846.0
6648,916.0
6649,75.0
6650,984.0
6651,151.0
6652,924.0
6653,445.0
6654,597.0
6655,75.0
6656,974.0
6657,49.0
6658,406.0
6659,120.0
6660,909.0
6661,213.0
6662,613.0
6663,213.0
6664,866.0
6665,65.0
6666,49.0
6667,916.0
6668,130.0
6669,866.0
6670,317.0
6671,75.0
6672,255.0
6673,913.0
6674,946.0
6675,974.0
6676,678.0
6677,251.0
6678,580.0
6679,989.0
6680,939.0
6681,216.0
6682,575.0
6683,168.0
6684,392.0
6685,352.0
6686,946.0
6687,68.0
6688,846.0
6689,405.0
6690,405.0
6691,50.0
6692,928.0
6693,317.0
6694,325.0
6695,59.0
6696,935.0
6697,660.0
6698,99.0
6699,813.0
6700,798.0
6701,213.0
6702,405.0
6703,489.0
6704,75.0
6705,352.0
6706,405.0
6707,213.0
6708,529.0
6709,655.0
6710,149.0
6711,191.0
6712,656.0
6713,866.0
6714,616.0
6715,616.0
6716,543.0
6717,643.0
6718,813.0
6719,213.0
6720,844.0
6721,445.0
6722,580.0
6723,361.0
6724,13.0
6725,375.0
6726,97.0
6727,213.0
6728,527.0
6729,217.0
6730,318.0
6731,330.0
6732,891.0
6733,13.0
6734,813.0
6735,439.0
6736,405.0
6737,441.0
6738,41.0
6739,405.0
6740,580.0
6741,151.0
6742,144.0
6743,891.0
6744,884.0
6745,955.0
6746,49.0
6747,305.0
6748,1.0
6749,916.0
6750,909.0
6751,445.0
6752,609.0
6753,439.0
6754,49.0
6755,361.0
6756,983.0
6757,130.0
6758,924.0
6759,866.0
6760,627.0
6761,405.0
6762,813.0
6763,405.0
6764,627.0
6765,318.0
6766,771.0
6767,354.0
6768,535.0
6769,660.0
6770,59.0
6771,49.0
6772,997.0
6773,527.0
6774,924.0
6775,946.0
6776,759.0
6777,310.0
6778,83.0
6779,330.0
6780,803.0
6781,104.0
6782,197.0
6783,166.0
6784,813.0
6785,49.0
6786,354.0
6787,580.0
6788,660.0
6789,718.0
6790,661.0
6791,580.0
6792,292.0
6793,812.0
6794,317.0
6795,50.0
6796,213.0
6797,68.0
6798,813.0
6799,391.0
6800,48.0
6801,213.0
6802,946.0
6803,216.0
6804,67.0
6805,307.0
6806,251.0
6807,891.0
6808,1.0
6809,325.0
6810,580.0
6811,324.0
6812,97.0
6813,151.0
6814,130.0
6815,813.0
6816,821.0
6817,9.0
6818,41.0
6819,216.0
6820,111.0
6821,75.0
6822,551.0
6823,886.0
6824,255.0
6825,49.0
6826,13.0
6827,319.0
6828,915.0
6829,445.0
6830,83.0
6831,928.0
6832,130.0
6833,882.0
6834,813.0
6835,49.0
6836,361.0
6837,974.0
6838,318.0
6839,795.0
6840,41.0
6841,913.0
6842,928.0
6843,803.0
6844,97.0
6845,302.0
6846,917.0
6847,68.0
6848,213.0
6849,361.0
6850,94.0
6851,138.0
6852,13.0
6853,180.0
6854,149.0
6855,917.0
6856,997.0
6857,30.0
6858,762.0
6859,960.0
6860,882.0
6861,512.0
6862,118.0
6863,213.0
6864,970.0
6865,317.0
6866,499.0
6867,746.0
6868,997.0
6869,897.0
6870,924.0
6871,445.0
6872,798.0
6873,489.0
6874,974.0
6875,310.0
6876,683.0
6877,168.0
6878,102.0
6879,264.0
6880,454.0
6881,408.0
6882,677.0
6883,813.0
6884,789.0
6885,813.0
6886,762.0
6887,862.0
6888,120.0
6889,307.0
6890,445.0
6891,213.0
6892,213.0
6893,49.0
6894,580.0
6895,971.0
6896,921.0
6897,59.0
6898,39.0
6899,41.0
6900,707.0
6901,405.0
6902,559.0
6903,580.0
6904,813.0
6905,917.0
6906,50.0
6907,984.0
6908,946.0
6909,505.0
6910,615.0
6911,48.0
6912,325.0
6913,954.0
6914,13.0
6915,371.0
6916,361.0
6917,388.0
6918,83.0
6919,405.0
6920,130.0
6921,111.0
6922,928.0
6923,831.0
6924,512.0
6925,213.0
6926,317.0
6927,823.0
6928,213.0
6929,924.0
6930,213.0
6931,445.0
6932,324.0
6933,94.0
6934,406.0
6935,213.0
6936,581.0
6937,445.0
6938,405.0
6939,41.0
6940,41.0
6941,405.0
6942,916.0
6943,575.0
6944,533.0
6945,49.0
6946,533.0
6947,454.0
6948,213.0
6949,580.0
6950,168.0
6951,929.0
6952,660.0
6953,917.0
6954,913.0
6955,232.0
6956,49.0
6957,813.0
6958,594.0
6959,924.0
6960,405.0
6961,305.0
6962,832.0
6963,213.0
6964,213.0
6965,924.0
6966,49.0
6967,891.0
6968,441.0
6969,168.0
6970,118.0
6971,371.0
6972,13.0
6973,924.0
6974,470.0
6975,1.0
6976,917.0
6977,318.0
6978,839.0
6979,41.0
6980,928.0
6981,580.0
6982,580.0
6983,352.0
6984,527.0
6985,305.0
6986,130.0
6987,358.0
6988,454.0
6989,440.0
6990,213.0
6991,474.0
6992,500.0
6993,884.0
6994,871.0
6995,740.0
6996,811.0
6997,216.0
6998,168.0
6999,127.0
7000,813.0
7001,325.0
7002,9.0
7003,897.0
7004,392.0
7005,812.0
7006,960.0
7007,168.0
7008,224.0
7009,402.0
7010,924.0
7011,9.0
7012,224.0
7013,405.0
7014,317.0
7015,831.0
7016,213.0
7017,620.0
7018,844.0
7019,384.0
7020,584.0
7021,813.0
7022,125.0
7023,834.0
7024,533.0
7025,104.0
7026,402.0
7027,917.0
7028,984.0
7029,445.0
7030,909.0
7031,489.0
7032,438.0
7033,567.0
7034,120.0
7035,504.0
7036,41.0
7037,317.0
7038,767.0
7039,49.0
7040,41.0
7041,813.0
7042,575.0
7043,75.0
7044,49.0
7045,762.0
7046,832.0
7047,905.0
7048,454.0
7049,251.0
7050,213.0
7051,535.0
7052,877.0
7053,902.0
7054,305.0
7055,620.0
7056,866.0
7057,815.0
7058,358.0
7059,49.0
7060,575.0
7061,939.0
7062,49.0
7063,795.0
7064,75.0
7065,932.0
7066,405.0
7067,67.0
7068,325.0
7069,388.0
7070,924.0
7071,42.0
7072,213.0
7073,1.0
7074,61.0
7075,997.0
7076,884.0
7077,917.0
7078,997.0
7079,834.0
7080,130.0
7081,251.0
7082,557.0
7083,59.0
7084,884.0
7085,402.0
7086,785.0
7087,213.0
7088,660.0
7089,317.0
7090,767.0
7091,130.0
7092,180.0
7093,324.0
7094,989.0
7095,984.0
7096,251.0
7097,42.0
7098,68.0
7099,866.0
7100,551.0
7101,628.0
7102,454.0
7103,83.0
7104,626.0
7105,813.0
7106,41.0
7107,183.0
7108,318.0
7109,445.0
7110,832.0
7111,439.0
7112,585.0
7113,361.0
7114,884.0
7115,512.0
7116,120.0
7117,706.0
7118,970.0
7119,813.0
7120,809.0
7121,974.0
7122,880.0
7123,361.0
7124,924.0
7125,607.0
7126,813.0
7127,512.0
7128,974.0
7129,798.0
7130,832.0
7131,213.0
7132,168.0
7133,989.0
7134,740.0
7135,149.0
7136,166.0
7137,405.0
7138,83.0
7139,361.0
7140,921.0
7141,856.0
7142,144.0
7143,832.0
7144,989.0
7145,104.0
7146,432.0
7147,512.0
7148,6.0
7149,984.0
7150,832.0
7151,984.0
7152,871.0
7153,909.0
7154,251.0
7155,984.0
7156,213.0
7157,180.0
7158,553.0
7159,917.0
7160,361.0
7161,541.0
7162,813.0
7163,75.0
7164,575.0
7165,441.0
7166,405.0
7167,251.0
7168,120.0
7169,632.0
7170,68.0
7171,917.0
7172,405.0
7173,559.0
7174,104.0
7175,921.0
7176,111.0
7177,371.0
7178,928.0
7179,917.0
7180,866.0
7181,120.0
7182,130.0
7183,75.0
7184,846.0
7185,880.0
7186,811.0
7187,997.0
7188,570.0
7189,815.0
7190,104.0
7191,468.0
7192,483.0
7193,813.0
7194,455.0
7195,264.0
7196,239.0
7197,498.0
7198,527.0
7199,1.0
7200,615.0
7201,83.0
7202,13.0
7203,909.0
7204,916.0
7205,307.0
7206,130.0
7207,559.0
7208,149.0
7209,255.0
7210,363.0
7211,13.0
7212,317.0
7213,533.0
7214,94.0
7215,570.0
7216,67.0
7217,6.0
7218,984.0
7219,149.0
7220,884.0
7221,216.0
7222,846.0
7223,130.0
7224,216.0
7225,149.0
7226,580.0
7227,995.0
7228,454.0
7229,984.0
7230,655.0
7231,317.0
7232,41.0
7233,405.0
7234,811.0
7235,354.0
7236,68.0
7237,49.0
7238,305.0
7239,68.0
7240,314.0
7241,909.0
7242,928.0
7243,813.0
7244,916.0
7245,251.0
7246,916.0
7247,463.0
7248,798.0
7249,987.0
7250,813.0
7251,354.0
7252,251.0
7253,884.0
7254,627.0
7255,104.0
7256,921.0
7257,49.0
7258,902.0
7259,352.0
7260,580.0
7261,924.0
7262,104.0
7263,613.0
7264,49.0
7265,48.0
7266,49.0
7267,575.0
7268,120.0
7269,41.0
7270,405.0
7271,580.0
7272,127.0
7273,288.0
7274,319.0
7275,213.0
7276,149.0
7277,67.0
7278,251.0
7279,149.0
7280,168.0
7281,535.0
7282,454.0
7283,813.0
7284,831.0
7285,495.0
7286,405.0
7287,580.0
7288,90.0
7289,661.0
7290,317.0
7291,984.0
7292,823.0
7293,405.0
7294,436.0
7295,193.0
7296,193.0
7297,149.0
7298,388.0
7299,191.0
7300,660.0
7301,498.0
7302,831.0
7303,861.0
7304,501.0
7305,946.0
7306,445.0
7307,310.0
7308,882.0
7309,465.0
7310,839.0
7311,305.0
7312,756.0
7313,533.0
7314,213.0
7315,789.0
7316,13.0
7317,251.0
7318,406.0
7319,213.0
7320,49.0
7321,834.0
7322,125.0
7323,812.0
7324,361.0
7325,813.0
7326,839.0
7327,909.0
7328,973.0
7329,439.0
7330,251.0
7331,168.0
7332,627.0
7333,130.0
7334,371.0
7335,970.0
7336,628.0
7337,454.0
7338,575.0
7339,280.0
7340,627.0
7341,917.0
7342,979.0
7343,562.0
7344,733.0
7345,812.0
7346,391.0
7347,168.0
7348,251.0
7349,168.0
7350,916.0
7351,330.0
7352,48.0
7353,149.0
7354,445.0
7355,601.0
7356,9.0
7357,890.0
7358,660.0
7359,813.0
7360,75.0
7361,41.0
7362,813.0
7363,352.0
7364,516.0
7365,891.0
7366,68.0
7367,813.0
7368,445.0
7369,318.0
7370,832.0
7371,660.0
7372,273.0
7373,120.0
7374,361.0
7375,977.0
7376,909.0
7377,527.0
7378,445.0
7379,213.0
7380,651.0
7381,213.0
7382,989.0
7383,255.0
7384,831.0
7385,120.0
7386,352.0
7387,59.0
7388,857.0
7389,627.0
7390,83.0
7391,213.0
7392,1.0
7393,317.0
7394,432.0
7395,970.0
7396,130.0
7397,823.0
7398,989.0
7399,921.0
7400,884.0
7401,924.0
7402,756.0
7403,213.0
7404,627.0
7405,305.0
7406,125.0
7407,180.0
7408,955.0
7409,405.0
7410,505.0
7411,251.0
7412,884.0
7413,384.0
7414,884.0
7415,846.0
7416,924.0
7417,661.0
7418,913.0
7419,468.0
7420,928.0
7421,202.0
7422,580.0
7423,324.0
7424,217.0
7425,813.0
7426,884.0
7427,924.0
7428,660.0
7429,168.0
7430,251.0
7431,959.0
7432,986.0
7433,180.0
7434,130.0
7435,789.0
7436,575.0
7437,139.0
7438,42.0
7439,580.0
7440,529.0
7441,813.0
7442,928.0
7443,632.0
7444,213.0
7445,13.0
7446,213.0
7447,42.0
7448,917.0
7449,632.0
7450,917.0
7451,866.0
7452,361.0
7453,928.0
7454,179.0
7455,317.0
7456,305.0
7457,809.0
7458,813.0
7459,405.0
7460,50.0
7461,989.0
7462,352.0
7463,580.0
7464,193.0
7465,294.0
7466,823.0
7467,946.0
7468,909.0
7469,68.0
7470,997.0
7471,130.0
7472,445.0
7473,489.0
7474,809.0
7475,924.0
7476,909.0
7477,928.0
7478,468.0
7479,213.0
7480,317.0
7481,928.0
7482,620.0
7483,25.0
7484,50.0
7485,49.0
7486,815.0
7487,130.0
7488,317.0
7489,13.0
7490,317.0
7491,946.0
7492,168.0
7493,440.0
7494,75.0
7495,713.0
7496,684.0
7497,213.0
7498,529.0
7499,180.0
7500,924.0
7501,48.0
7502,59.0
7503,193.0
7504,970.0
7505,580.0
7506,832.0
7507,213.0
7508,168.0
7509,891.0
7510,120.0
7511,213.0
7512,405.0
7513,50.0
7514,733.0
7515,839.0
7516,436.0
7517,627.0
7518,897.0
7519,317.0
7520,49.0
7521,180.0
7522,651.0
7523,924.0
7524,495.0
7525,756.0
7526,70.0
7527,120.0
7528,168.0
7529,495.0
7530,575.0
7531,168.0
7532,324.0
7533,974.0
7534,620.0
7535,924.0
7536,928.0
7537,813.0
7538,49.0
7539,846.0
7540,580.0
7541,361.0
7542,713.0
7543,844.0
7544,924.0
7545,946.0
7546,274.0
7547,489.0
7548,445.0
7549,543.0
7550,202.0
7551,130.0
7552,291.0
7553,120.0
7554,656.0
7555,48.0
7556,946.0
7557,684.0
7558,251.0
7559,440.0
7560,815.0
7561,974.0
7562,989.0
7563,266.0
7564,49.0
7565,815.0
7566,779.0
7567,928.0
7568,314.0
7569,500.0
7570,995.0
7571,149.0
7572,363.0
7573,620.0
7574,884.0
7575,213.0
7576,168.0
7577,305.0
7578,831.0
7579,543.0
7580,846.0
7581,970.0
7582,771.0
7583,561.0
7584,445.0
7585,475.0
7586,974.0
7587,1.0
7588,789.0
7589,406.0
7590,49.0
7591,733.0
7592,317.0
7593,200.0
7594,49.0
7595,60.0
7596,402.0
7597,823.0
7598,168.0
7599,405.0
7600,255.0
7601,305.0
7602,752.0
7603,891.0
7604,75.0
7605,846.0
7606,813.0
7607,7.0
7608,213.0
7609,251.0
7610,127.0
7611,149.0
7612,193.0
7613,70.0
7614,584.0
7615,454.0
7616,627.0
7617,813.0
7618,149.0
7619,580.0
7620,916.0
7621,713.0
7622,118.0
7623,200.0
7624,813.0
7625,866.0
7626,970.0
7627,803.0
7628,584.0
7629,120.0
7630,29.0
7631,928.0
7632,97.0
7633,866.0
7634,305.0
7635,255.0
7636,130.0
7637,149.0
7638,924.0
7639,474.0
7640,529.0
7641,445.0
7642,42.0
7643,200.0
7644,917.0
7645,251.0
7646,50.0
7647,917.0
7648,41.0
7649,561.0
7650,251.0
7651,104.0
7652,500.0
7653,371.0
7654,13.0
7655,75.0
7656,983.0
7657,866.0
7658,939.0
7659,984.0
7660,924.0
7661,388.0
7662,213.0
7663,213.0
7664,405.0
7665,909.0
7666,607.0
7667,13.0
7668,353.0
7669,627.0
7670,149.0
7671,9.0
7672,317.0
7673,974.0
7674,846.0
7675,720.0
7676,831.0
7677,912.0
7678,70.0
7679,580.0
7680,48.0
7681,310.0
7682,384.0
7683,1.0
7684,50.0
7685,656.0
7686,180.0
7687,49.0
7688,946.0
7689,543.0
7690,59.0
7691,251.0
7692,324.0
7693,924.0
7694,361.0
7695,815.0
7696,168.0
7697,42.0
7698,440.0
7699,866.0
7700,779.0
7701,168.0
7702,557.0
7703,713.0
7704,912.0
7705,924.0
7706,581.0
7707,831.0
7708,882.0
7709,255.0
7710,224.0
7711,352.0
7712,130.0
7713,921.0
7714,49.0
7715,317.0
7716,651.0
7717,405.0
7718,895.0
7719,609.0
7720,468.0
7721,41.0
7722,67.0
7723,13.0
7724,200.0
7725,575.0
7726,921.0
7727,974.0
7728,928.0
7729,9.0
7730,789.0
7731,977.0
7732,48.0
7733,924.0
7734,310.0
7735,9.0
7736,273.0
7737,839.0
7738,49.0
7739,917.0
7740,967.0
7741,54.0
7742,49.0
7743,75.0
7744,9.0
7745,216.0
7746,49.0
7747,974.0
7748,813.0
7749,580.0
7750,813.0
7751,68.0
7752,330.0
7753,946.0
7754,78.0
7755,618.0
7756,307.0
7757,213.0
7758,974.0
7759,916.0
7760,627.0
7761,13.0
7762,989.0
7763,130.0
7764,489.0
7765,325.0
7766,324.0
7767,454.0
7768,454.0
7769,561.0
7770,846.0
7771,294.0
7772,130.0
7773,13.0
7774,565.0
7775,42.0
7776,813.0
7777,989.0
7778,13.0
7779,946.0
7780,213.0
7781,470.0
7782,474.0
7783,627.0
7784,405.0
7785,812.0
7786,917.0
7787,720.0
7788,176.0
7789,866.0
7790,168.0
7791,405.0
7792,533.0
7793,361.0
7794,569.0
7795,489.0
7796,917.0
7797,59.0
7798,917.0
7799,41.0
7800,955.0
7801,49.0
7802,832.0
7803,429.0
7804,454.0
7805,535.0
7806,405.0
7807,49.0
7808,928.0
7809,928.0
7810,371.0
7811,618.0
7812,575.0
7813,762.0
7814,9.0
7815,660.0
7816,130.0
7817,989.0
7818,130.0
7819,823.0
7820,924.0
7821,371.0
7822,917.0
7823,65.0
7824,785.0
7825,94.0
7826,405.0
7827,997.0
7828,13.0
7829,149.0
7830,916.0
7831,50.0
7832,559.0
7833,924.0
7834,68.0
7835,273.0
7836,997.0
7837,213.0
7838,570.0
7839,130.0
7840,924.0
7841,832.0
7842,213.0
7843,844.0
7844,213.0
7845,41.0
7846,762.0
7847,832.0
7848,197.0
7849,317.0
7850,884.0
7851,239.0
7852,495.0
7853,216.0
7854,843.0
7855,70.0
7856,361.0
7857,569.0
7858,149.0
7859,1.0
7860,924.0
7861,662.0
7862,405.0
7863,50.0
7864,984.0
7865,168.0
7866,371.0
7867,713.0
7868,445.0
7869,897.0
7870,68.0
7871,317.0
7872,821.0
7873,41.0
7874,213.0
7875,628.0
7876,29.0
7877,970.0
7878,251.0
7879,68.0
7880,884.0
7881,13.0
7882,832.0
7883,120.0
7884,445.0
7885,789.0
7886,149.0
7887,905.0
7888,643.0
7889,928.0
7890,130.0
7891,607.0
7892,251.0
7893,775.0
7894,49.0
7895,391.0
7896,920.0
7897,352.0
7898,262.0
7899,688.0
7900,168.0
7901,584.0
7902,648.0
7903,813.0
7904,317.0
7905,468.0
7906,813.0
7907,720.0
7908,660.0
7909,330.0
7910,655.0
7911,406.0
7912,13.0
7913,245.0
7914,928.0
7915,979.0
7916,317.0
7917,41.0
7918,569.0
7919,733.0
7920,570.0
7921,632.0
7922,273.0
7923,307.0
7924,823.0
7925,946.0
7926,405.0
7927,130.0
7928,251.0
7929,405.0
7930,759.0
7931,9.0
7932,405.0
7933,49.0
7934,445.0
7935,984.0
7936,924.0
7937,871.0
7938,48.0
7939,886.0
7940,823.0
7941,613.0
7942,916.0
7943,489.0
7944,130.0
7945,325.0
7946,803.0
7947,75.0
7948,866.0
7949,445.0
7950,49.0
7951,59.0
7952,213.0
7953,553.0
7954,928.0
7955,151.0
7956,720.0
7957,928.0
7958,813.0
7959,866.0
7960,909.0
7961,916.0
7962,324.0
7963,176.0
7964,882.0
7965,352.0
7966,720.0
7967,130.0
7968,909.0
7969,1.0
7970,585.0
7971,49.0
7972,928.0
7973,405.0
7974,68.0
7975,42.0
7976,846.0
7977,832.0
7978,580.0
7979,213.0
7980,984.0
7981,13.0
7982,866.0
7983,151.0
7984,41.0
7985,946.0
7986,213.0
7987,616.0
7988,946.0
7989,168.0
7990,42.0
7991,9.0
7992,324.0
7993,616.0
7994,70.0
7995,575.0
7996,946.0
7997,580.0
7998,1.0
7999,245.0
8000,213.0
8001,928.0
8002,49.0
8003,354.0
8004,946.0
8005,997.0
8006,361.0
8007,9.0
8008,580.0
8009,541.0
8010,580.0
8011,361.0
8012,454.0
8013,891.0
8014,405.0
8015,405.0
8016,767.0
8017,812.0
8018,946.0
8019,912.0
8020,909.0
8021,779.0
8022,832.0
8023,924.0
8024,569.0
8025,65.0
8026,83.0
8027,655.0
8028,924.0
8029,984.0
8030,812.0
8031,317.0
8032,882.0
8033,134.0
8034,130.0
8035,597.0
8036,111.0
8037,149.0
8038,373.0
8039,264.0
8040,575.0
8041,775.0
8042,756.0
8043,180.0
8044,120.0
8045,41.0
8046,361.0
8047,897.0
8048,844.0
8049,811.0
8050,570.0
8051,891.0
8052,866.0
8053,29.0
8054,655.0
8055,213.0
8056,498.0
8057,125.0
8058,767.0
8059,405.0
8060,454.0
8061,343.0
8062,111.0
8063,655.0
8064,255.0
8065,361.0
8066,318.0
8067,406.0
8068,402.0
8069,866.0
8070,946.0
8071,68.0
8072,318.0
8073,628.0
8074,251.0
8075,832.0
8076,255.0
8077,597.0
8078,533.0
8079,803.0
8080,660.0
8081,13.0
8082,917.0
8083,660.0
8084,866.0
8085,643.0
8086,318.0
8087,59.0
8088,120.0
8089,7.0
8090,213.0
8091,813.0
8092,149.0
8093,884.0
8094,251.0
8095,527.0
8096,168.0
8097,213.0
8098,924.0
8099,273.0
8100,168.0
8101,41.0
8102,454.0
8103,67.0
8104,946.0
8105,149.0
8106,584.0
8107,75.0
8108,361.0
8109,144.0
8110,917.0
8111,627.0
8112,866.0
8113,974.0
8114,130.0
8115,361.0
8116,580.0
8117,273.0
8118,168.0
8119,465.0
8120,213.0
8121,813.0
8122,798.0
8123,924.0
8124,255.0
8125,324.0
8126,130.0
8127,813.0
8128,1.0
8129,13.0
8130,823.0
8131,266.0
8132,973.0
8133,884.0
8134,168.0
8135,846.0
8136,371.0
8137,997.0
8138,813.0
8139,891.0
8140,13.0
8141,902.0
8142,49.0
8143,439.0
8144,916.0
8145,809.0
8146,168.0
8147,432.0
8148,217.0
8149,75.0
8150,325.0
8151,200.0
8152,683.0
8153,375.0
8154,75.0
8155,795.0
8156,902.0
8157,974.0
8158,997.0
8159,909.0
8160,939.0
8161,580.0
8162,928.0
8163,168.0
8164,468.0
8165,180.0
8166,813.0
8167,388.0
8168,75.0
8169,445.0
8170,213.0
8171,213.0
8172,980.0
8173,924.0
8174,923.0
8175,454.0
8176,405.0
8177,393.0
8178,917.0
8179,997.0
8180,448.0
8181,928.0
8182,439.0
8183,200.0
8184,213.0
8185,54.0
8186,921.0
8187,317.0
8188,767.0
8189,42.0
8190,213.0
8191,255.0
8192,13.0
8193,784.0
8194,720.0
8195,317.0
8196,580.0
8197,909.0
8198,104.0
8199,821.0
8200,862.0
8201,627.0
8202,967.0
8203,939.0
8204,168.0
8205,25.0
8206,213.0
8207,586.0
8208,928.0
8209,445.0
8210,375.0
8211,305.0
8212,13.0
8213,325.0
8214,660.0
8215,866.0
8216,273.0
8217,83.0
8218,41.0
8219,180.0
8220,134.0
8221,812.0
8222,168.0
8223,49.0
8224,974.0
8225,661.0
8226,324.0
8227,454.0
8228,120.0
8229,798.0
8230,361.0
8231,984.0
8232,213.0
8233,846.0
8234,352.0
8235,815.0
8236,49.0
8237,1.0
8238,264.0
8239,354.0
8240,620.0
8241,13.0
8242,324.0
8243,361.0
8244,559.0
8245,213.0
8246,812.0
8247,489.0
8248,823.0
8249,381.0
8250,570.0
8251,989.0
8252,224.0
8253,118.0
8254,405.0
8255,197.0
8256,902.0
8257,917.0
8258,445.0
8259,553.0
8260,928.0
8261,585.0
8262,580.0
8263,130.0
8264,251.0
8265,924.0
8266,213.0
8267,104.0
8268,251.0
8269,832.0
8270,440.0
8271,823.0
8272,832.0
8273,928.0
8274,352.0
8275,628.0
8276,561.0
8277,924.0
8278,997.0
8279,660.0
8280,305.0
8281,580.0
8282,68.0
8283,273.0
8284,325.0
8285,168.0
8286,916.0
8287,168.0
8288,756.0
8289,68.0
8290,41.0
8291,354.0
8292,202.0
8293,130.0
8294,130.0
8295,392.0
8296,9.0
8297,813.0
8298,569.0
8299,405.0
8300,795.0
8301,130.0
8302,866.0
8303,405.0
8304,971.0
8305,273.0
8306,251.0
8307,54.0
8308,97.0
8309,997.0
8310,197.0
8311,813.0
8312,598.0
8313,902.0
8314,317.0
8315,575.0
8316,779.0
8317,559.0
8318,405.0
8319,130.0
8320,660.0
8321,130.0
8322,200.0
8323,912.0
8324,543.0
8325,597.0
8326,895.0
8327,813.0
8328,813.0
8329,468.0
8330,130.0
8331,984.0
8332,529.0
8333,534.0
8334,251.0
8335,498.0
8336,483.0
8337,305.0
8338,909.0
8339,884.0
8340,317.0
8341,75.0
8342,839.0
8343,533.0
8344,315.0
8345,846.0
8346,130.0
8347,831.0
8348,49.0
8349,149.0
8350,54.0
8351,916.0
8352,997.0
8353,330.0
8354,177.0
8355,405.0
8356,924.0
8357,916.0
8358,580.0
8359,575.0
8360,721.0
8361,884.0
8362,330.0
8363,823.0
8364,41.0
8365,813.0
8366,48.0
8367,627.0
8368,884.0
8369,928.0
8370,29.0
8371,1.0
8372,41.0
8373,789.0
8374,50.0
8375,125.0
8376,974.0
8377,168.0
8378,921.0
8379,897.0
8380,924.0
8381,559.0
8382,916.0
8383,570.0
8384,866.0
8385,94.0
8386,946.0
8387,557.0
8388,1.0
8389,361.0
8390,168.0
8391,924.0
8392,54.0
8393,454.0
8394,924.0
8395,125.0
8396,916.0
8397,597.0
8398,924.0
8399,886.0
8400,991.0
8401,256.0
8402,946.0
8403,580.0
8404,909.0
8405,70.0
8406,405.0
8407,752.0
8408,575.0
8409,813.0
8410,445.0
8411,855.0
8412,130.0
8413,305.0
8414,498.0
8415,317.0
8416,149.0
8417,59.0
8418,193.0
8419,984.0
8420,891.0
8421,974.0
8422,601.0
8423,677.0
8424,997.0
8425,255.0
8426,310.0
8427,597.0
8428,946.0
8429,498.0
8430,891.0
8431,628.0
8432,370.0
8433,917.0
8434,866.0
8435,251.0
8436,909.0
8437,75.0
8438,454.0
8439,813.0
8440,217.0
8441,928.0
8442,130.0
8443,575.0
8444,324.0
8445,928.0
8446,946.0
8447,775.0
8448,501.0
8449,1.0
8450,130.0
8451,983.0
8452,445.0
8453,620.0
8454,762.0
8455,946.0
8456,213.0
8457,49.0
8458,361.0
8459,584.0
8460,200.0
8461,68.0
8462,70.0
8463,751.0
8464,49.0
8465,921.0
8466,149.0
8467,561.0
8468,166.0
8469,354.0
8470,839.0
8471,42.0
8472,251.0
8473,915.0
8474,29.0
8475,798.0
8476,371.0
8477,405.0
8478,41.0
8479,543.0
8480,402.0
8481,648.0
8482,213.0
8483,197.0
8484,917.0
8485,607.0
8486,989.0
8487,200.0
8488,405.0
8489,406.0
8490,924.0
8491,251.0
8492,762.0
8493,78.0
8494,913.0
8495,721.0
8496,371.0
8497,193.0
8498,371.0
8499,495.0
8500,928.0
8501,273.0
8502,168.0
8503,251.0
8504,970.0
8505,439.0
8506,213.0
8507,310.0
8508,831.0
8509,273.0
8510,59.0
8511,251.0
8512,928.0
8513,256.0
8514,517.0
8515,361.0
8516,946.0
8517,49.0
8518,909.0
8519,50.0
8520,59.0
8521,585.0
8522,917.0
8523,831.0
8524,305.0
8525,984.0
8526,130.0
8527,195.0
8528,913.0
8529,255.0
8530,94.0
8531,9.0
8532,446.0
8533,613.0
8534,41.0
8535,866.0
8536,130.0
8537,984.0
8538,130.0
8539,143.0
8540,318.0
8541,393.0
8542,59.0
8543,813.0
8544,138.0
8545,848.0
8546,120.0
8547,813.0
8548,665.0
8549,83.0
8550,27.0
8551,917.0
8552,48.0
8553,48.0
8554,213.0
8555,924.0
8556,580.0
8557,917.0
8558,928.0
8559,48.0
8560,343.0
8561,405.0
8562,489.0
8563,166.0
8564,13.0
8565,813.0
8566,352.0
8567,997.0
8568,59.0
8569,598.0
8570,354.0
8571,49.0
8572,912.0
8573,273.0
8574,405.0
8575,317.0
8576,307.0
8577,213.0
8578,832.0
8579,861.0
8580,1.0
8581,946.0
8582,317.0
8583,974.0
8584,120.0
8585,445.0
8586,445.0
8587,168.0
8588,660.0
8589,495.0
8590,168.0
8591,41.0
8592,130.0
8593,130.0
8594,59.0
8595,832.0
8596,127.0
8597,104.0
8598,813.0
8599,308.0
8600,474.0
8601,83.0
8602,255.0
8603,928.0
8604,891.0
8605,247.0
8606,813.0
8607,866.0
8608,905.0
8609,307.0
8610,352.0
8611,580.0
8612,884.0
8613,909.0
8614,661.0
8615,7.0
8616,213.0
8617,13.0
8618,895.0
8619,168.0
8620,330.0
8621,130.0
8622,580.0
8623,13.0
8624,305.0
8625,584.0
8626,575.0
8627,846.0
8628,997.0
8629,361.0
8630,570.0
8631,575.0
8632,928.0
8633,389.0
8634,251.0
8635,120.0
8636,404.0
8637,866.0
8638,405.0
8639,266.0
8640,75.0
8641,627.0
8642,660.0
8643,9.0
8644,535.0
8645,928.0
8646,924.0
8647,832.0
8648,445.0
8649,767.0
8650,813.0
8651,54.0
8652,213.0
8653,909.0
8654,149.0
8655,266.0
8656,562.0
8657,960.0
8658,1.0
8659,445.0
8660,733.0
8661,917.0
8662,607.0
8663,902.0
8664,928.0
8665,917.0
8666,120.0
8667,75.0
8668,191.0
8669,655.0
8670,665.0
8671,262.0
8672,445.0
8673,83.0
8674,1.0
8675,216.0
8676,49.0
8677,474.0
8678,909.0
8679,305.0
8680,813.0
8681,59.0
8682,130.0
8683,213.0
8684,168.0
8685,569.0
8686,94.0
8687,217.0
8688,75.0
8689,762.0
8690,924.0
8691,168.0
8692,213.0
8693,997.0
8694,361.0
8695,305.0
8696,49.0
8697,917.0
8698,989.0
8699,49.0
8700,527.0
8701,489.0
8702,713.0
8703,130.0
8704,924.0
8705,789.0
8706,318.0
8707,310.0
8708,844.0
8709,580.0
8710,917.0
8711,733.0
8712,558.0
8713,273.0
8714,575.0
8715,440.0
8716,305.0
8717,884.0
8718,734.0
8719,762.0
8720,813.0
8721,839.0
8722,41.0
8723,13.0
8724,9.0
8725,16.0
8726,660.0
8727,946.0
8728,48.0
8729,9.0
8730,245.0
8731,734.0
8732,251.0
8733,42.0
8734,970.0
8735,912.0
8736,580.0
8737,823.0
8738,149.0
8739,788.0
8740,176.0
8741,216.0
8742,273.0
8743,575.0
8744,660.0
8745,580.0
8746,660.0
8747,997.0
8748,543.0
8749,317.0
8750,721.0
8751,846.0
8752,917.0
8753,324.0
8754,924.0
8755,49.0
8756,924.0
8757,813.0
8758,813.0
8759,823.0
8760,216.0
8761,149.0
8762,989.0
8763,49.0
8764,665.0
8765,213.0
8766,788.0
8767,305.0
8768,324.0
8769,684.0
8770,846.0
8771,977.0
8772,445.0
8773,168.0
8774,168.0
8775,890.0
8776,928.0
8777,13.0
8778,620.0
8779,897.0
8780,928.0
8781,917.0
8782,305.0
8783,866.0
8784,891.0
8785,813.0
8786,149.0
8787,120.0
8788,812.0
8789,832.0
8790,809.0
8791,317.0
8792,974.0
8793,305.0
8794,627.0
8795,213.0
8796,138.0
8797,924.0
8798,41.0
8799,49.0
8800,310.0
8801,813.0
8802,917.0
8803,213.0
8804,48.0
8805,130.0
8806,136.0
8807,832.0
8808,445.0
8809,866.0
8810,352.0
8811,575.0
8812,924.0
8813,813.0
8814,809.0
8815,660.0
8816,213.0
8817,75.0
8818,318.0
8819,120.0
8820,149.0
8821,280.0
8822,361.0
8823,48.0
8824,917.0
8825,408.0
8826,989.0
8827,213.0
8828,149.0
8829,213.0
8830,213.0
8831,916.0
8832,75.0
8833,168.0
8834,130.0
8835,986.0
8836,213.0
8837,168.0
8838,823.0
8839,575.0
8840,296.0
8841,213.0
8842,954.0
8843,310.0
8844,193.0
8845,454.0
8846,997.0
8847,917.0
8848,534.0
8849,445.0
8850,324.0
8851,97.0
8852,529.0
8853,402.0
8854,527.0
8855,974.0
8856,813.0
8857,767.0
8858,325.0
8859,759.0
8860,217.0
8861,627.0
8862,149.0
8863,971.0
8864,660.0
8865,19.0
8866,9.0
8867,974.0
8868,517.0
8869,454.0
8870,445.0
8871,305.0
8872,13.0
8873,928.0
8874,533.0
8875,902.0
8876,984.0
8877,83.0
8878,939.0
8879,928.0
8880,575.0
8881,813.0
8882,130.0
8883,305.0
8884,104.0
8885,946.0
8886,866.0
8887,180.0
8888,48.0
8889,49.0
8890,213.0
8891,946.0
8892,120.0
8893,65.0
8894,49.0
8895,468.0
8896,660.0
8897,813.0
8898,815.0
8899,168.0
8900,317.0
8901,575.0
8902,924.0
8903,846.0
8904,213.0
8905,97.0
8906,535.0
8907,884.0
8908,213.0
8909,580.0
8910,977.0
8911,445.0
8912,361.0
8913,775.0
8914,42.0
8915,273.0
8916,13.0
8917,926.0
8918,361.0
8919,775.0
8920,660.0
8921,324.0
8922,361.0
8923,512.0
8924,168.0
8925,979.0
8926,120.0
8927,409.0
8928,130.0
8929,177.0
8930,924.0
8931,569.0
8932,27.0
8933,917.0
8934,661.0
8935,439.0
8936,361.0
8937,104.0
8938,921.0
8939,575.0
8940,660.0
8941,928.0
8942,831.0
8943,655.0
8944,807.0
8945,533.0
8946,580.0
8947,405.0
8948,149.0
8949,543.0
8950,533.0
8951,9.0
8952,445.0
8953,317.0
8954,54.0
8955,255.0
8956,946.0
8957,168.0
8958,213.0
8959,130.0
8960,454.0
8961,292.0
8962,909.0
8963,584.0
8964,917.0
8965,979.0
8966,813.0
8967,740.0
8968,559.0
8969,445.0
8970,213.0
8971,130.0
8972,9.0
8973,317.0
8974,41.0
8975,586.0
8976,213.0
8977,75.0
8978,361.0
8979,200.0
8980,665.0
8981,813.0
8982,213.0
8983,68.0
8984,193.0
8985,795.0
8986,823.0
8987,193.0
8988,264.0
8989,973.0
8990,68.0
8991,721.0
8992,470.0
8993,183.0
8994,94.0
8995,318.0
8996,813.0
8997,405.0
8998,143.0
8999,317.0
9000,406.0
9001,405.0
9002,305.0
9003,575.0
9004,913.0
9005,795.0
9006,166.0
9007,149.0
9008,50.0
9009,909.0
9010,48.0
9011,580.0
9012,939.0
9013,984.0
9014,405.0
9015,213.0
9016,251.0
9017,969.0
9018,812.0
9019,317.0
9020,120.0
9021,49.0
9022,352.0
9023,917.0
9024,67.0
9025,216.0
9026,445.0
9027,924.0
9028,543.0
9029,324.0
9030,78.0
9031,454.0
9032,924.0
9033,455.0
9034,7.0
9035,813.0
9036,813.0
9037,813.0
9038,470.0
9039,352.0
9040,916.0
9041,767.0
9042,559.0
9043,454.0
9044,527.0
9045,677.0
9046,677.0
9047,439.0
9048,946.0
9049,149.0
9050,294.0
9051,392.0
9052,405.0
9053,195.0
9054,168.0
9055,662.0
9056,317.0
9057,49.0
9058,166.0
9059,445.0
9060,884.0
9061,130.0
9062,831.0
9063,262.0
9064,168.0
9065,924.0
9066,627.0
9067,928.0
9068,470.0
9069,405.0
9070,529.0
9071,405.0
9072,41.0
9073,149.0
9074,767.0
9075,575.0
9076,970.0
9077,13.0
9078,83.0
9079,168.0
9080,984.0
9081,273.0
9082,13.0
9083,559.0
9084,756.0
9085,884.0
9086,317.0
9087,813.0
9088,49.0
9089,891.0
9090,255.0
9091,512.0
9092,815.0
9093,446.0
9094,149.0
9095,405.0
9096,815.0
9097,720.0
9098,151.0
9099,660.0
9100,928.0
9101,41.0
9102,585.0
9103,575.0
9104,575.0
9105,909.0
9106,13.0
9107,455.0
9108,575.0
9109,924.0
9110,946.0
9111,535.0
9112,924.0
9113,292.0
9114,149.0
9115,884.0
9116,308.0
9117,149.0
9118,823.0
9119,68.0
9120,405.0
9121,13.0
9122,984.0
9123,392.0
9124,813.0
9125,580.0
9126,180.0
9127,70.0
9128,924.0
9129,454.0
9130,454.0
9131,527.0
9132,823.0
9133,989.0
9134,41.0
9135,83.0
9136,946.0
9137,921.0
9138,661.0
9139,352.0
9140,251.0
9141,628.0
9142,7.0
9143,813.0
9144,897.0
9145,42.0
9146,586.0
9147,273.0
9148,580.0
9149,917.0
9150,813.0
9151,94.0
9152,909.0
9153,41.0
9154,251.0
9155,813.0
9156,120.0
9157,49.0
9158,352.0
9159,807.0
9160,660.0
9161,251.0
9162,213.0
9163,832.0
9164,191.0
9165,446.0
9166,891.0
9167,762.0
9168,489.0
9169,533.0
9170,489.0
9171,49.0
9172,343.0
9173,917.0
9174,213.0
9175,928.0
9176,913.0
9177,984.0
9178,54.0
9179,353.0
9180,928.0
9181,136.0
9182,361.0
9183,656.0
9184,813.0
9185,533.0
9186,193.0
9187,569.0
9188,909.0
9189,924.0
9190,388.0
9191,654.0
9192,266.0
9193,405.0
9194,305.0
9195,13.0
9196,213.0
9197,120.0
9198,405.0
9199,41.0
9200,974.0
9201,409.0
9202,405.0
9203,59.0
9204,913.0
9205,762.0
9206,318.0
9207,49.0
9208,813.0
9209,497.0
9210,19.0
9211,997.0
9212,445.0
9213,13.0
9214,200.0
9215,909.0
9216,83.0
9217,130.0
9218,49.0
9219,307.0
9220,580.0
9221,653.0
9222,48.0
9223,916.0
9224,26.0
9225,788.0
9226,354.0
9227,803.0
9228,120.0
9229,660.0
9230,149.0
9231,251.0
9232,149.0
9233,445.0
9234,354.0
9235,979.0
9236,798.0
9237,213.0
9238,639.0
9239,980.0
9240,104.0
9241,454.0
9242,273.0
9243,213.0
9244,213.0
9245,104.0
9246,59.0
9247,924.0
9248,809.0
9249,352.0
9250,213.0
9251,405.0
9252,251.0
9253,846.0
9254,138.0
9255,924.0
9256,798.0
9257,68.0
9258,627.0
9259,913.0
9260,655.0
9261,149.0
9262,354.0
9263,909.0
9264,50.0
9265,130.0
9266,13.0
9267,1.0
9268,623.0
9269,615.0
9270,824.0
9271,924.0
9272,984.0
9273,740.0
9274,168.0
9275,179.0
9276,916.0
9277,986.0
9278,305.0
9279,660.0
9280,880.0
9281,213.0
9282,974.0
9283,855.0
9284,928.0
9285,75.0
9286,823.0
9287,168.0
9288,662.0
9289,627.0
9290,213.0
9291,49.0
9292,677.0
9293,795.0
9294,305.0
9295,627.0
9296,305.0
9297,660.0
9298,41.0
9299,168.0
9300,168.0
9301,59.0
9302,551.0
9303,168.0
9304,928.0
9305,839.0
9306,924.0
9307,746.0
9308,317.0
9309,575.0
9310,553.0
9311,474.0
9312,627.0
9313,200.0
9314,149.0
9315,917.0
9316,733.0
9317,916.0
9318,586.0
9319,813.0
9320,50.0
9321,352.0
9322,361.0
9323,924.0
9324,405.0
9325,213.0
9326,13.0
9327,213.0
9328,823.0
9329,193.0
9330,924.0
9331,120.0
9332,884.0
9333,149.0
9334,454.0
9335,405.0
9336,575.0
9337,120.0
9338,562.0
9339,318.0
9340,41.0
9341,871.0
9342,884.0
9343,924.0
9344,13.0
9345,149.0
9346,721.0
9347,575.0
9348,890.0
9349,294.0
9350,916.0
9351,815.0
9352,767.0
9353,635.0
9354,305.0
9355,895.0
9356,891.0
9357,846.0
9358,813.0
9359,104.0
9360,292.0
9361,49.0
9362,924.0
9363,149.0
9364,971.0
9365,813.0
9366,94.0
9367,762.0
9368,813.0
9369,302.0
9370,68.0
9371,512.0
9372,627.0
9373,928.0
9374,609.0
9375,318.0
9376,78.0
9377,371.0
9378,928.0
9379,924.0
9380,130.0
9381,445.0
9382,134.0
9383,935.0
9384,462.0
9385,405.0
9386,557.0
9387,815.0
9388,789.0
9389,738.0
9390,713.0
9391,48.0
9392,41.0
9393,454.0
9394,83.0
9395,662.0
9396,462.0
9397,213.0
9398,928.0
9399,405.0
9400,562.0
9401,462.0
9402,597.0
9403,984.0
9404,251.0
9405,405.0
9406,489.0
9407,970.0
9408,94.0
9409,569.0
9410,213.0
9411,255.0
9412,97.0
9413,305.0
9414,213.0
9415,317.0
9416,352.0
9417,844.0
9418,580.0
9419,49.0
9420,94.0
9421,815.0
9422,789.0
9423,454.0
9424,639.0
9425,891.0
9426,130.0
9427,361.0
9428,213.0
9429,41.0
9430,371.0
9431,543.0
9432,67.0
9433,200.0
9434,871.0
9435,264.0
9436,264.0
9437,946.0
9438,543.0
9439,406.0
9440,924.0
9441,319.0
9442,264.0
9443,917.0
9444,255.0
9445,909.0
9446,13.0
9447,866.0
9448,813.0
9449,318.0
9450,812.0
9451,70.0
9452,661.0
9453,759.0
9454,317.0
9455,68.0
9456,628.0
9457,405.0
9458,67.0
9459,543.0
9460,325.0
9461,813.0
9462,405.0
9463,916.0
9464,120.0
9465,928.0
9466,866.0
9467,59.0
9468,886.0
9469,884.0
9470,902.0
9471,767.0
9472,174.0
9473,83.0
9474,832.0
9475,213.0
9476,197.0
9477,924.0
9478,7.0
9479,813.0
9480,120.0
9481,111.0
9482,213.0
9483,767.0
9484,256.0
9485,166.0
9486,580.0
9487,405.0
9488,213.0
9489,191.0
9490,655.0
9491,166.0
9492,208.0
9493,213.0
9494,104.0
9495,886.0
9496,601.0
9497,912.0
9498,527.0
9499,317.0
9500,813.0
9501,713.0
9502,809.0
9503,49.0
9504,974.0
9505,891.0
9506,454.0
9507,266.0
9508,317.0
9509,917.0
9510,567.0
9511,706.0
9512,924.0
9513,713.0
9514,454.0
9515,989.0
9516,984.0
9517,216.0
9518,454.0
9519,661.0
9520,138.0
9521,909.0
9522,565.0
9523,984.0
9524,361.0
9525,50.0
9526,909.0
9527,662.0
9528,319.0
9529,324.0
9530,130.0
9531,884.0
9532,325.0
9533,441.0
9534,585.0
9535,628.0
9536,405.0
9537,928.0
9538,402.0
9539,120.0
9540,425.0
9541,318.0
9542,266.0
9543,213.0
9544,120.0
9545,213.0
9546,97.0
9547,946.0
9548,354.0
9549,179.0
9550,130.0
9551,94.0
9552,9.0
9553,924.0
9554,49.0
9555,67.0
9556,924.0
9557,928.0
9558,130.0
9559,909.0
9560,354.0
9561,627.0
9562,13.0
9563,627.0
9564,405.0
9565,409.0
9566,13.0
9567,168.0
9568,111.0
9569,405.0
9570,392.0
9571,361.0
9572,213.0
9573,779.0
9574,890.0
9575,317.0
9576,130.0
9577,324.0
9578,317.0
9579,454.0
9580,984.0
9581,292.0
9582,813.0
9583,846.0
9584,75.0
9585,813.0
9586,41.0
9587,955.0
9588,586.0
9589,533.0
9590,662.0
9591,921.0
9592,928.0
9593,891.0
9594,767.0
9595,409.0
9596,987.0
9597,317.0
9598,213.0
9599,405.0
9600,551.0
9601,984.0
9602,862.0
9603,357.0
9604,983.0
9605,191.0
9606,813.0
9607,180.0
9608,177.0
9609,915.0
9610,130.0
9611,974.0
9612,535.0
9613,921.0
9614,97.0
9615,130.0
9616,932.0
9617,13.0
9618,767.0
9619,75.0
9620,580.0
9621,405.0
9622,391.0
9623,653.0
9624,627.0
9625,138.0
9626,601.0
9627,78.0
9628,559.0
9629,352.0
9630,130.0
9631,971.0
9632,49.0
9633,59.0
9634,974.0
9635,474.0
9636,413.0
9637,884.0
9638,432.0
9639,470.0
9640,42.0
9641,832.0
9642,41.0
9643,405.0
9644,104.0
9645,813.0
9646,832.0
9647,916.0
9648,997.0
9649,917.0
9650,924.0
9651,292.0
9652,200.0
9653,361.0
9654,970.0
9655,986.0
9656,213.0
9657,905.0
9658,168.0
9659,813.0
9660,273.0
9661,562.0
9662,924.0
9663,489.0
9664,361.0
9665,317.0
9666,41.0
9667,168.0
9668,41.0
9669,933.0
9670,924.0
9671,49.0
9672,213.0
9673,361.0
9674,989.0
9675,855.0
9676,195.0
9677,361.0
9678,13.0
9679,517.0
9680,921.0
9681,432.0
9682,149.0
9683,762.0
9684,354.0
9685,48.0
9686,660.0
9687,255.0
9688,48.0
9689,512.0
9690,813.0
9691,815.0
9692,406.0
9693,183.0
9694,986.0
9695,68.0
9696,762.0
9697,762.0
9698,756.0
9699,601.0
9700,891.0
9701,987.0
9702,354.0
9703,527.0
9704,594.0
9705,391.0
9706,570.0
9707,454.0
9708,325.0
9709,928.0
9710,915.0
9711,251.0
9712,813.0
9713,405.0
9714,832.0
9715,648.0
9716,866.0
9717,803.0
9718,884.0
9719,973.0
9720,778.0
9721,917.0
9722,771.0
9723,928.0
9724,721.0
9725,499.0
9726,405.0
9727,49.0
9728,251.0
9729,832.0
9730,413.0
9731,946.0
9732,928.0
9733,68.0
9734,405.0
9735,815.0
9736,97.0
9737,49.0
9738,813.0
9739,351.0
9740,648.0
9741,361.0
9742,584.0
9743,83.0
9744,389.0
9745,498.0
9746,924.0
9747,717.0
9748,720.0
9749,59.0
9750,720.0
9751,660.0
9752,25.0
9753,49.0
9754,662.0
9755,846.0
9756,330.0
9757,193.0
9758,130.0
9759,660.0
9760,909.0
9761,813.0
9762,570.0
9763,557.0
9764,75.0
9765,19.0
9766,48.0
9767,213.0
9768,916.0
9769,960.0
9770,168.0
9771,928.0
9772,213.0
9773,429.0
9774,361.0
9775,130.0
9776,989.0
9777,318.0
9778,363.0
9779,789.0
9780,684.0
9781,995.0
9782,42.0
9783,405.0
9784,468.0
9785,746.0
9786,928.0
9787,917.0
9788,866.0
9789,318.0
9790,597.0
9791,917.0
9792,813.0
9793,559.0
9794,166.0
9795,928.0
9796,317.0
9797,813.0
9798,489.0
9799,305.0
9800,455.0
9801,402.0
9802,917.0
9803,213.0
9804,49.0
9805,251.0
9806,946.0
9807,813.0
9808,149.0
9809,832.0
9810,601.0
9811,880.0
9812,130.0
9813,834.0
9814,179.0
9815,213.0
9816,213.0
9817,984.0
9818,130.0
9819,533.0
9820,580.0
9821,997.0
9822,317.0
9823,49.0
9824,924.0
9825,202.0
9826,489.0
9827,305.0
9828,361.0
9829,445.0
9830,627.0
9831,917.0
9832,813.0
9833,559.0
9834,216.0
9835,130.0
9836,149.0
9837,130.0
9838,405.0
9839,130.0
9840,168.0
9841,815.0
9842,718.0
9843,429.0
9844,891.0
9845,683.0
9846,213.0
9847,946.0
9848,324.0
9849,928.0
9850,251.0
9851,813.0
9852,49.0
9853,120.0
9854,13.0
9855,866.0
9856,917.0
9857,120.0
9858,832.0
9859,454.0
9860,324.0
9861,917.0
9862,139.0
9863,569.0
9864,13.0
9865,559.0
9866,580.0
9867,251.0
9868,505.0
9869,138.0
9870,979.0
9871,305.0
9872,946.0
9873,721.0
9874,580.0
9875,149.0
9876,41.0
9877,866.0
9878,49.0
9879,823.0
9880,324.0
9881,405.0
9882,149.0
9883,213.0
9884,149.0
9885,251.0
9886,789.0
9887,928.0
9888,251.0
9889,439.0
9890,660.0
9891,134.0
9892,924.0
9893,882.0
9894,94.0
9895,839.0
9896,839.0
9897,813.0
9898,361.0
9899,68.0
9900,9.0
9901,251.0
9902,909.0
9903,974.0
9904,721.0
9905,255.0
9906,176.0
9907,251.0
9908,891.0
9909,102.0
9910,405.0
9911,402.0
9912,656.0
9913,974.0
9914,8.0
9915,68.0
9916,41.0
9917,778.0
9918,405.0
9919,118.0
9920,575.0
9921,866.0
9922,575.0
9923,245.0
9924,917.0
9925,136.0
9926,120.0
9927,13.0
9928,130.0
9929,989.0
9930,213.0
9931,445.0
9932,997.0
9933,677.0
9934,191.0
9935,575.0
9936,527.0
9937,924.0
9938,580.0
9939,118.0
9940,127.0
9941,915.0
9942,68.0
9943,468.0
9944,924.0
9945,27.0
9946,266.0
9947,130.0
9948,50.0
9949,49.0
9950,307.0
9951,168.0
9952,917.0
9953,224.0
9954,884.0
9955,789.0
9956,884.0
9957,580.0
9958,866.0
9959,909.0
9960,127.0
9961,584.0
9962,168.0
9963,465.0
9964,627.0
9965,623.0
9966,264.0
9967,570.0
9968,909.0
9969,317.0
9970,13.0
9971,213.0
9972,831.0
9973,13.0
9974,251.0
9975,813.0
9976,913.0
9977,912.0
9978,375.0
9979,168.0
9980,809.0
9981,1.0
9982,746.0
9983,441.0
9984,405.0
9985,909.0
9986,49.0
9987,48.0
9988,454.0
9989,13.0
9990,315.0
9991,654.0
9992,49.0
9993,924.0
9994,974.0
9995,939.0
9996,352.0
9997,989.0
9998,811.0
9999,575.0
10000,569.0
10001,713.0
10002,924.0
10003,216.0
10004,713.0
10005,149.0
10006,527.0
10007,767.0
10008,474.0
10009,580.0
10010,813.0
10011,916.0
10012,183.0
10013,772.0
10014,317.0
10015,762.0
10016,928.0
10017,308.0
10018,986.0
10019,917.0
10020,512.0
10021,498.0
10022,13.0
10023,832.0
10024,120.0
10025,465.0
10026,48.0
10027,454.0
10028,767.0
10029,54.0
10030,884.0
10031,662.0
10032,149.0
10033,495.0
10034,970.0
10035,130.0
10036,352.0
10037,408.0
10038,661.0
10039,361.0
10040,454.0
10041,13.0
10042,832.0
10043,130.0
10044,886.0
10045,174.0
10046,974.0
10047,78.0
10048,151.0
10049,570.0
10050,120.0
10051,104.0
10052,352.0
10053,846.0
10054,585.0
10055,361.0
10056,489.0
10057,213.0
10058,533.0
10059,924.0
10060,391.0
10061,307.0
10062,166.0
10063,580.0
10064,597.0
10065,578.0
10066,213.0
10067,75.0
10068,917.0
10069,813.0
10070,813.0
10071,120.0
10072,909.0
10073,917.0
10074,42.0
10075,352.0
10076,767.0
10077,405.0
10078,884.0
10079,168.0
10080,627.0
10081,445.0
10082,924.0
10083,193.0
10084,812.0
10085,13.0
10086,305.0
10087,660.0
10088,912.0
10089,813.0
10090,251.0
10091,361.0
10092,639.0
10093,440.0
10094,512.0
10095,130.0
10096,762.0
10097,984.0
10098,361.0
10099,923.0
10100,130.0
10101,984.0
10102,130.0
10103,884.0
10104,832.0
10105,200.0
10106,405.0
10107,200.0
10108,815.0
10109,292.0
10110,771.0
10111,144.0
10112,224.0
10113,971.0
10114,440.0
10115,325.0
10116,405.0
10117,984.0
10118,684.0
10119,635.0
10120,13.0
10121,13.0
10122,660.0
10123,130.0
10124,917.0
10125,200.0
10126,813.0
10127,120.0
10128,541.0
10129,361.0
10130,832.0
10131,987.0
10132,59.0
10133,913.0
10134,720.0
10135,36.0
10136,924.0
10137,733.0
10138,627.0
10139,707.0
10140,580.0
10141,168.0
10142,812.0
10143,909.0
10144,974.0
10145,83.0
10146,580.0
10147,83.0
10148,979.0
10149,70.0
10150,1.0
10151,405.0
10152,361.0
10153,149.0
10154,713.0
10155,139.0
10156,597.0
10157,405.0
10158,305.0
10159,775.0
10160,928.0
10161,48.0
10162,405.0
10163,13.0
10164,916.0
10165,558.0
10166,440.0
10167,305.0
10168,409.0
10169,762.0
10170,264.0
10171,371.0
10172,905.0
10173,984.0
10174,543.0
10175,13.0
10176,909.0
10177,130.0
10178,916.0
10179,501.0
10180,361.0
10181,512.0
10182,809.0
10183,168.0
10184,561.0
10185,130.0
10186,213.0
10187,160.0
10188,557.0
10189,239.0
10190,120.0
10191,844.0
10192,305.0
10193,352.0
10194,984.0
10195,266.0
10196,955.0
10197,895.0
10198,812.0
10199,920.0
10200,193.0
10201,533.0
10202,193.0
10203,130.0
10204,1.0
10205,924.0
10206,445.0
10207,405.0
10208,997.0
10209,405.0
10210,405.0
10211,8.0
10212,317.0
10213,251.0
10214,61.0
10215,712.0
10216,120.0
10217,200.0
10218,989.0
10219,924.0
10220,813.0
10221,495.0
10222,813.0
10223,166.0
10224,813.0
10225,813.0
10226,559.0
10227,49.0
10228,445.0
10229,375.0
10230,405.0
10231,926.0
10232,660.0
10233,168.0
10234,979.0
10235,569.0
10236,454.0
10237,468.0
10238,48.0
10239,468.0
10240,655.0
10241,99.0
10242,213.0
10243,607.0
10244,319.0
10245,989.0
10246,41.0
10247,974.0
10248,946.0
10249,829.0
10250,995.0
10251,813.0
10252,213.0
10253,823.0
10254,654.0
10255,924.0
10256,813.0
10257,585.0
10258,527.0
10259,213.0
10260,613.0
10261,762.0
10262,361.0
10263,445.0
10264,361.0
10265,997.0
10266,251.0
10267,41.0
10268,361.0
10269,832.0
10270,495.0
10271,977.0
10272,989.0
10273,813.0
10274,405.0
10275,813.0
10276,49.0
10277,50.0
10278,130.0
10279,343.0
10280,391.0
10281,597.0
10282,216.0
10283,50.0
10284,370.0
10285,924.0
10286,846.0
10287,445.0
10288,445.0
10289,660.0
10290,59.0
10291,139.0
10292,533.0
10293,924.0
10294,75.0
10295,127.0
10296,928.0
10297,558.0
10298,50.0
10299,575.0
10300,168.0
10301,213.0
10302,13.0
10303,454.0
10304,13.0
10305,788.0
10306,13.0
10307,813.0
10308,866.0
10309,846.0
10310,49.0
10311,168.0
10312,68.0
10313,305.0
10314,439.0
10315,813.0
10316,100.0
10317,977.0
10318,13.0
10319,13.0
10320,884.0
10321,924.0
10322,325.0
10323,213.0
10324,149.0
10325,251.0
10326,955.0
10327,812.0
10328,445.0
10329,324.0
10330,628.0
10331,68.0
10332,361.0
10333,924.0
10334,41.0
10335,127.0
10336,535.0
10337,928.0
10338,13.0
10339,580.0
10340,813.0
10341,13.0
10342,756.0
10343,59.0
10344,213.0
10345,391.0
10346,193.0
10347,809.0
10348,946.0
10349,361.0
10350,974.0
10351,405.0
10352,939.0
10353,120.0
10354,405.0
10355,193.0
10356,361.0
10357,202.0
10358,41.0
10359,909.0
10360,580.0
10361,405.0
10362,597.0
10363,713.0
10364,815.0
10365,151.0
10366,405.0
10367,575.0
10368,740.0
10369,405.0
10370,130.0
10371,562.0
10372,216.0
10373,1.0
10374,912.0
10375,361.0
10376,921.0
10377,213.0
10378,813.0
10379,273.0
10380,352.0
10381,361.0
10382,352.0
10383,317.0
10384,1.0
10385,168.0
10386,139.0
10387,813.0
10388,440.0
10389,197.0
10390,984.0
10391,406.0
10392,660.0
10393,13.0
10394,823.0
10395,997.0
10396,213.0
10397,813.0
10398,651.0
10399,59.0
10400,454.0
10401,905.0
10402,49.0
10403,13.0
10404,9.0
10405,707.0
10406,41.0
10407,580.0
10408,813.0
10409,59.0
10410,83.0
10411,917.0
10412,391.0
10413,823.0
10414,256.0
10415,912.0
10416,168.0
10417,928.0
10418,809.0
10419,317.0
10420,533.0
10421,620.0
10422,924.0
10423,13.0
10424,917.0
10425,454.0
10426,946.0
10427,812.0
10428,654.0
10429,59.0
10430,25.0
10431,130.0
10432,49.0
10433,928.0
10434,264.0
10435,213.0
10436,915.0
10437,130.0
10438,406.0
10439,48.0
10440,49.0
10441,733.0
10442,305.0
10443,928.0
10444,305.0
10445,813.0
10446,627.0
10447,924.0
10448,643.0
10449,307.0
10450,832.0
10451,562.0
10452,13.0
10453,317.0
10454,440.0
10455,213.0
10456,251.0
10457,163.0
10458,200.0
10459,138.0
10460,266.0
10461,68.0
10462,712.0
10463,48.0
10464,179.0
10465,974.0
10466,917.0
10467,405.0
10468,928.0
10469,454.0
10470,832.0
10471,213.0
10472,445.0
10473,916.0
10474,921.0
10475,149.0
10476,489.0
10477,984.0
10478,846.0
10479,946.0
10480,266.0
10481,213.0
10482,50.0
10483,991.0
10484,330.0
10485,59.0
10486,504.0
10487,575.0
10488,305.0
10489,94.0
10490,627.0
10491,916.0
10492,967.0
10493,562.0
10494,909.0
10495,654.0
10496,813.0
10497,924.0
10498,305.0
10499,176.0
10500,317.0
10501,921.0
10502,798.0
10503,913.0
10504,884.0
10505,9.0
10506,361.0
10507,866.0
10508,127.0
10509,120.0
10510,317.0
10511,856.0
10512,970.0
10513,1.0
10514,813.0
10515,756.0
10516,857.0
10517,880.0
10518,317.0
10519,213.0
10520,454.0
10521,317.0
10522,916.0
10523,193.0
10524,264.0
10525,917.0
10526,517.0
10527,580.0
10528,924.0
10529,902.0
10530,255.0
10531,406.0
10532,665.0
10533,559.0
10534,305.0
10535,75.0
10536,120.0
10537,405.0
10538,866.0
10539,439.0
10540,213.0
10541,871.0
10542,559.0
10543,216.0
10544,489.0
10545,149.0
10546,256.0
10547,49.0
10548,370.0
10549,213.0
10550,13.0
10551,392.0
10552,575.0
10553,909.0
10554,984.0
10555,179.0
10556,441.0
10557,324.0
10558,989.0
10559,866.0
10560,627.0
10561,41.0
10562,803.0
10563,273.0
10564,439.0
10565,916.0
10566,54.0
10567,317.0
10568,813.0
10569,803.0
10570,995.0
10571,844.0
10572,924.0
10573,1.0
10574,813.0
10575,41.0
10576,445.0
10577,102.0
10578,970.0
10579,361.0
10580,193.0
10581,570.0
10582,59.0
10583,324.0
10584,891.0
10585,974.0
10586,909.0
10587,578.0
10588,979.0
10589,361.0
10590,149.0
10591,168.0
10592,50.0
10593,756.0
10594,846.0
10595,813.0
10596,813.0
10597,974.0
10598,974.0
10599,445.0
10600,924.0
10601,48.0
10602,361.0
10603,213.0
10604,712.0
10605,939.0
10606,130.0
10607,392.0
10608,886.0
10609,42.0
10610,97.0
10611,405.0
10612,798.0
10613,974.0
10614,251.0
10615,130.0
10616,455.0
10617,635.0
10618,445.0
10619,798.0
10620,813.0
10621,97.0
10622,454.0
10623,916.0
10624,198.0
10625,559.0
10626,575.0
10627,928.0
10628,917.0
10629,974.0
10630,305.0
10631,813.0
10632,408.0
10633,575.0
10634,176.0
10635,677.0
10636,49.0
10637,846.0
10638,997.0
10639,305.0
10640,405.0
10641,813.0
10642,821.0
10643,973.0
10644,946.0
10645,317.0
10646,262.0
10647,193.0
10648,813.0
10649,13.0
10650,308.0
10651,318.0
10652,41.0
10653,884.0
10654,895.0
10655,352.0
10656,213.0
10657,168.0
10658,1.0
10659,924.0
10660,149.0
10661,660.0
10662,115.0
10663,844.0
10664,78.0
10665,402.0
10666,255.0
10667,120.0
10668,651.0
10669,125.0
10670,997.0
10671,213.0
10672,866.0
10673,27.0
10674,570.0
10675,216.0
10676,832.0
10677,839.0
10678,445.0
10679,168.0
10680,405.0
10681,361.0
10682,200.0
10683,788.0
10684,939.0
10685,916.0
10686,916.0
10687,779.0
10688,597.0
10689,27.0
10690,575.0
10691,575.0
10692,831.0
10693,405.0
10694,756.0
10695,29.0
10696,855.0
10697,251.0
10698,361.0
10699,580.0
10700,41.0
10701,441.0
10702,454.0
10703,880.0
10704,130.0
10705,627.0
10706,42.0
10707,50.0
10708,813.0
10709,255.0
10710,884.0
10711,445.0
10712,628.0
10713,361.0
10714,41.0
10715,620.0
10716,445.0
10717,139.0
10718,305.0
10719,917.0
10720,512.0
10721,25.0
10722,997.0
10723,756.0
10724,168.0
10725,811.0
10726,370.0
10727,984.0
10728,832.0
10729,264.0
10730,361.0
10731,912.0
10732,134.0
10733,49.0
10734,928.0
10735,130.0
10736,324.0
10737,891.0
10738,884.0
10739,317.0
10740,580.0
10741,597.0
10742,68.0
10743,49.0
10744,916.0
10745,41.0
10746,200.0
10747,213.0
10748,402.0
10749,924.0
10750,262.0
10751,580.0
10752,251.0
10753,50.0
10754,562.0
10755,866.0
10756,361.0
10757,543.0
10758,882.0
10759,543.0
10760,656.0
10761,468.0
10762,569.0
10763,884.0
10764,946.0
10765,813.0
10766,974.0
10767,13.0
10768,809.0
10769,627.0
10770,171.0
10771,25.0
10772,974.0
10773,213.0
10774,627.0
10775,49.0
10776,834.0
10777,474.0
10778,251.0
10779,979.0
10780,213.0
10781,913.0
10782,405.0
10783,305.0
10784,213.0
10785,213.0
10786,94.0
10787,474.0
10788,445.0
10789,823.0
10790,648.0
10791,139.0
10792,274.0
10793,997.0
10794,149.0
10795,13.0
10796,533.0
10797,834.0
10798,361.0
10799,895.0
10800,351.0
10801,273.0
10802,405.0
10803,405.0
10804,882.0
10805,239.0
10806,127.0
10807,989.0
10808,984.0
10809,891.0
10810,251.0
10811,917.0
10812,580.0
10813,627.0
10814,213.0
10815,813.0
10816,76.0
10817,798.0
10818,305.0
10819,813.0
10820,916.0
10821,392.0
10822,273.0
10823,255.0
10824,213.0
10825,553.0
10826,535.0
10827,795.0
10828,317.0
10829,813.0
10830,655.0
10831,307.0
10832,529.0
10833,866.0
10834,946.0
10835,191.0
10836,984.0
10837,213.0
10838,855.0
10839,352.0
10840,251.0
10841,815.0
10842,305.0
10843,318.0
10844,924.0
10845,813.0
10846,812.0
10847,405.0
10848,656.0
10849,361.0
10850,193.0
10851,497.0
10852,891.0
10853,928.0
10854,812.0
10855,946.0
10856,974.0
10857,405.0
10858,67.0
10859,928.0
10860,989.0
10861,597.0
10862,970.0
10863,213.0
10864,580.0
10865,405.0
10866,94.0
10867,468.0
10868,767.0
10869,559.0
10870,429.0
10871,813.0
10872,97.0
10873,174.0
10874,928.0
10875,559.0
10876,42.0
10877,917.0
10878,42.0
10879,627.0
10880,48.0
10881,917.0
10882,584.0
10883,168.0
10884,909.0
10885,917.0
10886,462.0
10887,924.0
10888,99.0
10889,946.0
10890,529.0
10891,324.0
10892,134.0
10893,19.0
10894,917.0
10895,130.0
10896,130.0
10897,815.0
10898,775.0
10899,609.0
10900,924.0
10901,232.0
10902,785.0
10903,812.0
10904,213.0
10905,455.0
10906,570.0
10907,955.0
10908,354.0
10909,558.0
10910,216.0
10911,656.0
10912,352.0
10913,251.0
10914,916.0
10915,489.0
10916,343.0
10917,939.0
10918,138.0
10919,924.0
10920,125.0
10921,361.0
10922,909.0
10923,929.0
10924,977.0
10925,59.0
10926,445.0
10927,660.0
10928,767.0
10929,662.0
10930,627.0
10931,317.0
10932,251.0
10933,319.0
10934,13.0
10935,517.0
10936,915.0
10937,656.0
10938,897.0
10939,25.0
10940,193.0
10941,120.0
10942,543.0
10943,75.0
10944,454.0
10945,68.0
10946,713.0
10947,924.0
10948,49.0
10949,527.0
10950,149.0
10951,866.0
10952,831.0
10953,813.0
10954,984.0
10955,454.0
10956,921.0
10957,586.0
10958,980.0
10959,120.0
10960,946.0
10961,575.0
10962,557.0
10963,970.0
10964,1.0
10965,718.0
10966,213.0
10967,884.0
10968,389.0
10969,361.0
10970,9.0
10971,902.0
10972,361.0
10973,498.0
10974,824.0
10975,890.0
10976,795.0
10977,319.0
10978,19.0
10979,891.0
10980,217.0
10981,68.0
10982,454.0
10983,49.0
10984,429.0
10985,970.0
10986,392.0
10987,7.0
10988,120.0
10989,880.0
10990,767.0
10991,921.0
10992,445.0
10993,354.0
10994,255.0
10995,375.0
10996,75.0
10997,597.0
10998,68.0
10999,756.0
11000,439.0
11001,391.0
11002,49.0
11003,256.0
11004,895.0
11005,909.0
11006,921.0
11007,251.0
11008,866.0
11009,917.0
11010,407.0
11011,866.0
11012,445.0
11013,6.0
11014,912.0
11015,832.0
11016,319.0
11017,402.0
11018,41.0
11019,527.0
11020,130.0
11021,317.0
11022,83.0
11023,232.0
11024,580.0
11025,49.0
11026,9.0
11027,54.0
11028,41.0
11029,49.0
11030,134.0
11031,149.0
11032,601.0
11033,130.0
11034,49.0
11035,660.0
11036,354.0
11037,318.0
11038,470.0
11039,317.0
11040,193.0
11041,42.0
11042,916.0
11043,616.0
11044,213.0
11045,915.0
11046,352.0
11047,54.0
11048,984.0
11049,909.0
11050,440.0
11051,49.0
11052,759.0
11053,436.0
11054,213.0
11055,168.0
11056,789.0
11057,138.0
11058,191.0
11059,580.0
11060,558.0
11061,468.0
11062,580.0
11063,813.0
11064,924.0
11065,997.0
11066,50.0
11067,193.0
11068,59.0
11069,866.0
11070,504.0
11071,305.0
11072,49.0
11073,974.0
11074,160.0
11075,921.0
11076,343.0
11077,586.0
11078,445.0
11079,41.0
11080,41.0
11081,971.0
11082,767.0
11083,343.0
11084,59.0
11085,317.0
11086,343.0
11087,352.0
11088,815.0
11089,926.0
11090,917.0
11091,924.0
11092,813.0
11093,402.0
11094,370.0
11095,916.0
11096,468.0
11097,216.0
11098,866.0
11099,832.0
11100,318.0
11101,317.0
11102,905.0
11103,104.0
11104,49.0
11105,762.0
11106,932.0
11107,49.0
11108,775.0
11109,813.0
11110,683.0
11111,317.0
11112,213.0
11113,256.0
11114,149.0
11115,168.0
11116,41.0
11117,905.0
11118,149.0
11119,912.0
11120,812.0
11121,767.0
11122,454.0
11123,168.0
11124,361.0
11125,846.0
11126,251.0
11127,7.0
11128,620.0
11129,19.0
11130,474.0
11131,405.0
11132,984.0
11133,660.0
11134,926.0
11135,404.0
11136,168.0
11137,497.0
11138,130.0
11139,48.0
11140,13.0
11141,660.0
11142,891.0
11143,597.0
11144,352.0
11145,580.0
11146,924.0
11147,13.0
11148,684.0
11149,891.0
11150,405.0
11151,917.0
11152,454.0
11153,370.0
11154,41.0
11155,317.0
11156,361.0
11157,832.0
11158,193.0
11159,917.0
11160,266.0
11161,361.0
11162,989.0
11163,130.0
11164,41.0
11165,813.0
11166,330.0
11167,762.0
11168,361.0
11169,354.0
11170,939.0
11171,813.0
11172,325.0
11173,989.0
11174,361.0
11175,529.0
11176,454.0
11177,405.0
11178,607.0
11179,970.0
11180,890.0
11181,41.0
11182,30.0
11183,928.0
11184,946.0
11185,997.0
11186,807.0
11187,813.0
11188,149.0
11189,831.0
11190,213.0
11191,656.0
11192,832.0
11193,149.0
11194,251.0
11195,861.0
11196,375.0
11197,50.0
11198,59.0
11199,997.0
11200,310.0
11201,984.0
11202,445.0
11203,120.0
11204,41.0
11205,660.0
11206,49.0
11207,405.0
11208,575.0
11209,405.0
11210,974.0
11211,575.0
11212,213.0
11213,798.0
11214,884.0
11215,405.0
11216,823.0
11217,543.0
11218,251.0
11219,402.0
11220,924.0
11221,213.0
11222,746.0
11223,813.0
11224,273.0
11225,820.0
11226,317.0
11227,974.0
11228,193.0
11229,489.0
11230,984.0
11231,616.0
11232,361.0
11233,251.0
11234,13.0
11235,49.0
11236,6.0
11237,601.0
11238,130.0
11239,929.0
11240,200.0
11241,405.0
11242,200.0
11243,474.0
11244,979.0
11245,50.0
11246,41.0
11247,454.0
11248,489.0
11249,13.0
11250,984.0
11251,928.0
11252,979.0
11253,844.0
11254,13.0
11255,970.0
11256,361.0
11257,317.0
11258,946.0
11259,926.0
11260,49.0
11261,41.0
11262,59.0
11263,200.0
11264,317.0
11265,932.0
11266,543.0
11267,262.0
11268,8.0
11269,974.0
11270,489.0
11271,924.0
11272,928.0
11273,317.0
11274,813.0
11275,929.0
11276,569.0
11277,575.0
11278,917.0
11279,839.0
11280,813.0
11281,168.0
11282,580.0
11283,208.0
11284,130.0
11285,529.0
11286,946.0
11287,648.0
11288,104.0
11289,928.0
11290,319.0
11291,352.0
11292,70.0
11293,468.0
11294,130.0
11295,891.0
11296,924.0
11297,168.0
11298,149.0
11299,882.0
11300,213.0
11301,997.0
11302,756.0
11303,916.0
11304,813.0
11305,149.0
11306,527.0
11307,76.0
11308,665.0
11309,803.0
11310,823.0
11311,83.0
11312,290.0
11313,905.0
11314,375.0
11315,834.0
11316,575.0
11317,913.0
11318,997.0
11319,264.0
11320,734.0
11321,813.0
11322,168.0
11323,251.0
11324,200.0
11325,917.0
11326,516.0
11327,149.0
11328,890.0
11329,984.0
11330,405.0
11331,916.0
11332,917.0
11333,305.0
11334,813.0
11335,946.0
11336,48.0
11337,620.0
11338,19.0
11339,436.0
11340,580.0
11341,213.0
11342,405.0
11343,866.0
11344,41.0
11345,561.0
11346,627.0
11347,809.0
11348,541.0
11349,916.0
11350,884.0
11351,580.0
11352,891.0
11353,813.0
11354,445.0
11355,168.0
11356,971.0
11357,264.0
11358,913.0
11359,558.0
11360,813.0
11361,720.0
11362,13.0
11363,319.0
11364,111.0
11365,255.0
11366,660.0
11367,917.0
11368,866.0
11369,318.0
11370,251.0
11371,94.0
11372,120.0
11373,125.0
11374,551.0
11375,784.0
11376,575.0
11377,884.0
11378,251.0
11379,202.0
11380,317.0
11381,432.0
11382,76.0
11383,120.0
11384,924.0
11385,866.0
11386,361.0
11387,136.0
11388,251.0
11389,916.0
11390,765.0
11391,902.0
11392,305.0
11393,912.0
11394,168.0
11395,553.0
11396,984.0
11397,909.0
11398,13.0
11399,661.0
11400,580.0
11401,305.0
11402,317.0
11403,83.0
11404,9.0
11405,130.0
11406,795.0
11407,324.0
11408,580.0
11409,762.0
11410,130.0
11411,256.0
11412,392.0
11413,325.0
11414,440.0
11415,49.0
11416,665.0
11417,102.0
11418,61.0
11419,305.0
11420,42.0
11421,213.0
11422,83.0
11423,635.0
11424,946.0
11425,405.0
11426,924.0
11427,405.0
11428,59.0
11429,317.0
11430,813.0
11431,569.0
11432,884.0
11433,13.0
11434,251.0
11435,916.0
11436,7.0
11437,813.0
11438,202.0
11439,882.0
11440,305.0
11441,213.0
11442,813.0
11443,41.0
11444,454.0
11445,468.0
11446,352.0
11447,891.0
11448,813.0
11449,68.0
11450,83.0
11451,635.0
11452,655.0
11453,111.0
11454,939.0
11455,924.0
11456,570.0
11457,820.0
11458,251.0
11459,891.0
11460,325.0
11461,127.0
11462,405.0
11463,75.0
11464,767.0
11465,475.0
11466,924.0
11467,445.0
11468,655.0
11469,924.0
11470,813.0
11471,68.0
11472,926.0
11473,305.0
11474,929.0
11475,974.0
11476,266.0
11477,884.0
11478,317.0
11479,543.0
11480,527.0
11481,575.0
11482,533.0
11483,193.0
11484,924.0
11485,974.0
11486,319.0
11487,813.0
11488,353.0
11489,454.0
11490,924.0
11491,832.0
11492,846.0
11493,130.0
11494,305.0
11495,543.0
11496,1.0
11497,762.0
11498,495.0
11499,251.0
11500,756.0
11501,939.0
11502,935.0
11503,67.0
11504,767.0
11505,13.0
11506,977.0
11507,891.0
11508,946.0
11509,813.0
11510,811.0
11511,989.0
11512,946.0
11513,166.0
11514,575.0
11515,352.0
11516,897.0
11517,559.0
11518,601.0
11519,974.0
11520,454.0
11521,468.0
11522,924.0
11523,49.0
11524,566.0
11525,13.0
11526,76.0
11527,361.0
11528,813.0
11529,584.0
11530,798.0
11531,352.0
11532,439.0
11533,823.0
11534,67.0
11535,475.0
11536,41.0
11537,251.0
11538,352.0
11539,720.0
11540,454.0
11541,325.0
11542,974.0
11543,718.0
11544,924.0
11545,361.0
11546,138.0
11547,19.0
11548,213.0
11549,815.0
11550,405.0
11551,498.0
11552,746.0
11553,984.0
11554,656.0
11555,213.0
11556,130.0
11557,756.0
11558,824.0
11559,917.0
11560,9.0
11561,512.0
11562,381.0
11563,405.0
11564,454.0
11565,974.0
11566,683.0
11567,440.0
11568,445.0
11569,831.0
11570,946.0
11571,352.0
11572,54.0
11573,111.0
11574,317.0
11575,317.0
11576,759.0
11577,974.0
11578,924.0
11579,325.0
11580,798.0
11581,213.0
11582,501.0
11583,405.0
11584,584.0
11585,946.0
11586,812.0
11587,809.0
11588,130.0
11589,149.0
11590,41.0
11591,13.0
11592,559.0
11593,839.0
11594,251.0
11595,601.0
11596,75.0
11597,495.0
11598,580.0
11599,127.0
11600,586.0
11601,174.0
11602,660.0
11603,767.0
11604,445.0
11605,846.0
11606,884.0
11607,446.0
11608,813.0
11609,405.0
11610,440.0
11611,917.0
11612,440.0
11613,41.0
11614,813.0
11615,353.0
11616,884.0
11617,832.0
11618,489.0
11619,454.0
11620,570.0
11621,59.0
11622,924.0
11623,296.0
11624,202.0
11625,570.0
11626,924.0
11627,813.0
11628,75.0
11629,974.0
11630,49.0
11631,361.0
11632,580.0
11633,921.0
11634,361.0
11635,535.0
11636,68.0
11637,75.0
11638,909.0
11639,130.0
11640,193.0
11641,305.0
11642,866.0
11643,928.0
11644,928.0
11645,997.0
11646,1.0
11647,928.0
11648,891.0
11649,59.0
11650,213.0
11651,19.0
11652,498.0
11653,305.0
11654,213.0
11655,498.0
11656,149.0
11657,352.0
11658,955.0
11659,317.0
11660,213.0
11661,317.0
11662,127.0
11663,660.0
11664,946.0
11665,445.0
11666,917.0
11667,973.0
11668,200.0
11669,533.0
11670,317.0
11671,9.0
11672,125.0
11673,533.0
11674,974.0
11675,813.0
11676,839.0
11677,13.0
11678,59.0
11679,909.0
11680,213.0
11681,977.0
11682,767.0
11683,575.0
11684,273.0
11685,213.0
11686,813.0
11687,553.0
11688,974.0
11689,832.0
11690,924.0
11691,660.0
11692,534.0
11693,42.0
11694,308.0
11695,273.0
11696,168.0
11697,813.0
11698,343.0
11699,909.0
11700,25.0
11701,928.0
11702,13.0
11703,809.0
11704,361.0
11705,425.0
11706,984.0
11707,829.0
11708,149.0
11709,986.0
11710,330.0
11711,255.0
11712,721.0
11713,844.0
11714,974.0
11715,439.0
11716,318.0
11717,575.0
11718,75.0
11719,392.0
11720,720.0
11721,305.0
11722,317.0
11723,884.0
11724,813.0
11725,375.0
11726,917.0
11727,361.0
11728,997.0
11729,94.0
11730,909.0
11731,924.0
11732,29.0
11733,557.0
11734,839.0
11735,307.0
11736,677.0
11737,251.0
11738,191.0
11739,104.0
11740,445.0
11741,813.0
11742,168.0
11743,917.0
11744,48.0
11745,1.0
11746,924.0
11747,213.0
11748,193.0
11749,49.0
11750,54.0
11751,59.0
11752,984.0
11753,559.0
11754,984.0
11755,580.0
11756,924.0
11757,251.0
11758,598.0
11759,915.0
11760,251.0
11761,305.0
11762,317.0
11763,798.0
11764,905.0
11765,168.0
11766,264.0
11767,68.0
11768,213.0
11769,917.0
11770,566.0
11771,909.0
11772,924.0
11773,330.0
11774,809.0
11775,575.0
11776,916.0
11777,213.0
11778,886.0
11779,371.0
11780,815.0
11781,607.0
11782,567.0
11783,795.0
11784,832.0
11785,50.0
11786,654.0
11787,405.0
11788,454.0
11789,405.0
11790,407.0
11791,143.0
11792,251.0
11793,75.0
11794,720.0
11795,405.0
11796,544.0
11797,924.0
11798,136.0
11799,767.0
11800,370.0
11801,756.0
11802,305.0
11803,9.0
11804,251.0
11805,409.0
11806,984.0
11807,884.0
11808,251.0
11809,924.0
11810,884.0
11811,354.0
11812,232.0
11813,351.0
11814,580.0
11815,202.0
11816,49.0
11817,939.0
11818,391.0
11819,928.0
11820,302.0
11821,375.0
11822,977.0
11823,495.0
11824,149.0
11825,946.0
11826,13.0
11827,976.0
11828,59.0
11829,197.0
11830,813.0
11831,970.0
11832,660.0
11833,974.0
11834,601.0
11835,771.0
11836,665.0
11837,49.0
11838,317.0
11839,684.0
11840,408.0
11841,392.0
11842,809.0
11843,916.0
11844,371.0
11845,445.0
11846,970.0
11847,997.0
11848,884.0
11849,575.0
11850,505.0
11851,884.0
11852,445.0
11853,75.0
11854,405.0
11855,149.0
11856,41.0
11857,946.0
11858,251.0
11859,559.0
11860,661.0
11861,504.0
11862,813.0
11863,130.0
11864,946.0
11865,928.0
11866,855.0
11867,305.0
11868,130.0
11869,49.0
11870,368.0
11871,720.0
11872,68.0
11873,213.0
11874,575.0
11875,213.0
11876,193.0
11877,251.0
11878,570.0
11879,984.0
11880,200.0
11881,813.0
11882,489.0
11883,580.0
11884,866.0
11885,48.0
11886,846.0
11887,765.0
11888,97.0
11889,916.0
11890,928.0
11891,823.0
11892,846.0
11893,42.0
11894,251.0
11895,168.0
11896,987.0
11897,273.0
11898,213.0
11899,179.0
11900,352.0
11901,662.0
11902,406.0
11903,912.0
11904,120.0
11905,319.0
11906,143.0
11907,19.0
11908,41.0
11909,832.0
11910,274.0
11911,909.0
11912,127.0
11913,42.0
11914,823.0
11915,448.0
11916,660.0
11917,130.0
11918,130.0
11919,665.0
11920,767.0
11921,48.0
11922,273.0
11923,832.0
11924,767.0
11925,474.0
11926,862.0
11927,42.0
11928,213.0
11929,213.0
11930,405.0
11931,213.0
11932,756.0
11933,512.0
11934,49.0
11935,255.0
11936,575.0
11937,535.0
11938,924.0
11939,213.0
11940,971.0
11941,627.0
11942,97.0
11943,440.0
11944,917.0
11945,984.0
11946,251.0
11947,924.0
11948,168.0
11949,330.0
11950,264.0
11951,559.0
11952,251.0
11953,405.0
11954,891.0
11955,831.0
11956,49.0
11957,13.0
11958,809.0
11959,168.0
11960,50.0
11961,149.0
11962,54.0
11963,928.0
11964,405.0
11965,609.0
11966,168.0
11967,1.0
11968,832.0
11969,912.0
11970,489.0
11971,984.0
11972,677.0
11973,191.0
11974,168.0
11975,909.0
11976,997.0
11977,317.0
11978,529.0
11979,49.0
11980,628.0
11981,984.0
11982,361.0
11983,924.0
11984,762.0
11985,928.0
11986,798.0
11987,756.0
11988,929.0
11989,251.0
11990,798.0
11991,256.0
11992,891.0
11993,465.0
11994,924.0
11995,354.0
11996,9.0
11997,168.0
11998,660.0
11999,1.0
12000,661.0
12001,565.0
12002,361.0
12003,989.0
12004,529.0
12005,325.0
12006,130.0
12007,997.0
12008,405.0
12009,500.0
12010,928.0
12011,455.0
12012,200.0
12013,324.0
12014,255.0
12015,317.0
12016,720.0
12017,813.0
12018,305.0
12019,149.0
12020,104.0
12021,308.0
12022,354.0
12023,168.0
12024,352.0
12025,361.0
12026,405.0
12027,347.0
12028,969.0
12029,713.0
12030,454.0
12031,656.0
12032,955.0
12033,917.0
12034,361.0
12035,75.0
12036,425.0
12037,997.0
12038,49.0
12039,48.0
12040,660.0
12041,897.0
12042,529.0
12043,960.0
12044,49.0
12045,926.0
12046,454.0
12047,909.0
12048,924.0
12049,274.0
12050,375.0
12051,832.0
12052,775.0
12053,969.0
12054,653.0
12055,213.0
12056,884.0
12057,130.0
12058,632.0
12059,575.0
12060,897.0
12061,255.0
12062,251.0
12063,974.0
12064,501.0
12065,928.0
12066,445.0
12067,921.0
12068,462.0
12069,251.0
12070,213.0
12071,946.0
12072,921.0
12073,997.0
12074,902.0
12075,891.0
12076,607.0
12077,318.0
12078,251.0
12079,543.0
12080,974.0
12081,762.0
12082,197.0
12083,120.0
12084,213.0
12085,586.0
12086,405.0
12087,59.0
12088,361.0
12089,273.0
12090,41.0
12091,580.0
12092,50.0
12093,439.0
12094,213.0
12095,813.0
12096,984.0
12097,48.0
12098,75.0
12099,200.0
12100,580.0
12101,897.0
12102,391.0
12103,361.0
12104,13.0
12105,41.0
12106,559.0
12107,130.0
12108,42.0
12109,256.0
12110,989.0
12111,654.0
12112,354.0
12113,325.0
12114,130.0
12115,273.0
12116,798.0
12117,924.0
12118,984.0
12119,251.0
12120,917.0
12121,406.0
12122,891.0
12123,251.0
12124,909.0
12125,75.0
12126,213.0
12127,370.0
12128,655.0
12129,317.0
12130,317.0
12131,213.0
12132,8.0
12133,138.0
12134,324.0
12135,535.0
12136,924.0
12137,924.0
12138,183.0
12139,767.0
12140,49.0
12141,130.0
12142,798.0
12143,48.0
12144,880.0
12145,512.0
12146,9.0
12147,813.0
12148,19.0
12149,445.0
12150,813.0
12151,884.0
12152,813.0
12153,130.0
12154,149.0
12155,208.0
12156,130.0
12157,924.0
12158,183.0
12159,924.0
12160,928.0
12161,454.0
12162,213.0
12163,50.0
12164,660.0
12165,470.0
12166,213.0
12167,989.0
12168,280.0
12169,462.0
12170,921.0
12171,9.0
12172,917.0
12173,13.0
12174,317.0
12175,429.0
12176,928.0
12177,997.0
12178,813.0
12179,468.0
12180,149.0
12181,41.0
12182,217.0
12183,127.0
12184,974.0
12185,405.0
12186,660.0
12187,846.0
12188,557.0
12189,59.0
12190,543.0
12191,917.0
12192,984.0
12193,620.0
12194,581.0
12195,213.0
12196,499.0
12197,251.0
12198,924.0
12199,7.0
12200,974.0
12201,6.0
12202,213.0
12203,197.0
12204,580.0
12205,445.0
12206,984.0
12207,924.0
12208,317.0
12209,49.0
12210,139.0
12211,305.0
12212,465.0
12213,305.0
12214,921.0
12215,49.0
12216,130.0
12217,884.0
12218,831.0
12219,924.0
12220,924.0
12221,75.0
12222,48.0
12223,813.0
12224,130.0
12225,974.0
12226,832.0
12227,543.0
12228,445.0
12229,932.0
12230,352.0
12231,813.0
12232,905.0
12233,213.0
12234,143.0
12235,866.0
12236,361.0
12237,405.0
12238,324.0
12239,815.0
12240,193.0
12241,13.0
12242,570.0
12243,946.0
12244,924.0
12245,405.0
12246,997.0
12247,16.0
12248,489.0
12249,168.0
12250,213.0
12251,158.0
12252,59.0
12253,512.0
12254,130.0
12255,946.0
12256,566.0
12257,13.0
12258,454.0
12259,68.0
12260,597.0
12261,445.0
12262,305.0
12263,974.0
12264,125.0
12265,974.0
12266,6.0
12267,13.0
12268,255.0
12269,183.0
12270,49.0
12271,48.0
12272,813.0
12273,902.0
12274,251.0
12275,917.0
12276,236.0
12277,866.0
12278,13.0
12279,917.0
12280,891.0
12281,891.0
12282,75.0
12283,912.0
12284,895.0
12285,308.0
12286,78.0
12287,251.0
12288,535.0
12289,832.0
12290,273.0
12291,924.0
12292,662.0
12293,405.0
12294,236.0
12295,266.0
12296,597.0
12297,651.0
12298,273.0
12299,413.0
12300,779.0
12301,575.0
12302,48.0
12303,130.0
12304,613.0
12305,191.0
12306,83.0
12307,812.0
12308,924.0
12309,25.0
12310,180.0
12311,325.0
12312,924.0
12313,317.0
12314,866.0
12315,307.0
12316,351.0
12317,924.0
12318,909.0
12319,924.0
12320,188.0
12321,213.0
12322,216.0
12323,213.0
12324,41.0
12325,8.0
12326,655.0
12327,789.0
12328,405.0
12329,361.0
12330,49.0
12331,317.0
12332,42.0
12333,273.0
12334,432.0
12335,935.0
12336,762.0
12337,789.0
12338,627.0
12339,916.0
12340,462.0
12341,75.0
12342,512.0
12343,42.0
12344,813.0
12345,979.0
12346,960.0
12347,213.0
12348,627.0
12349,130.0
12350,305.0
12351,319.0
12352,36.0
12353,251.0
12354,352.0
12355,795.0
12356,684.0
12357,375.0
12358,144.0
12359,317.0
12360,569.0
12361,677.0
12362,197.0
12363,529.0
12364,193.0
12365,543.0
12366,917.0
12367,9.0
12368,713.0
12369,213.0
12370,251.0
12371,361.0
12372,575.0
12373,834.0
12374,405.0
12375,575.0
12376,798.0
12377,213.0
12378,627.0
12379,909.0
12380,684.0
12381,445.0
12382,989.0
12383,317.0
12384,68.0
12385,989.0
12386,543.0
12387,13.0
12388,559.0
12389,111.0
12390,25.0
12391,7.0
12392,405.0
12393,251.0
12394,717.0
12395,50.0
12396,512.0
12397,489.0
12398,733.0
12399,809.0
12400,924.0
12401,884.0
12402,67.0
12403,721.0
12404,569.0
12405,917.0
12406,197.0
12407,463.0
12408,48.0
12409,580.0
12410,813.0
12411,832.0
12412,307.0
12413,928.0
12414,921.0
12415,924.0
12416,713.0
12417,318.0
12418,213.0
12419,120.0
12420,305.0
12421,448.0
12422,224.0
12423,445.0
12424,974.0
12425,9.0
12426,324.0
12427,193.0
12428,989.0
12429,138.0
12430,462.0
12431,354.0
12432,41.0
12433,351.0
12434,575.0
12435,405.0
12436,273.0
12437,445.0
12438,534.0
12439,134.0
12440,193.0
12441,120.0
12442,575.0
12443,916.0
12444,924.0
12445,627.0
12446,895.0
12447,68.0
12448,909.0
12449,49.0
12450,361.0
12451,762.0
12452,319.0
12453,315.0
12454,168.0
12455,597.0
12456,177.0
12457,402.0
12458,928.0
12459,924.0
12460,575.0
12461,468.0
12462,305.0
12463,59.0
12464,168.0
12465,909.0
12466,789.0
12467,27.0
12468,620.0
12469,534.0
12470,635.0
12471,454.0
12472,197.0
12473,660.0
12474,262.0
12475,866.0
12476,41.0
12477,921.0
12478,897.0
12479,130.0
12480,264.0
12481,813.0
12482,880.0
12483,213.0
12484,924.0
12485,454.0
12486,251.0
12487,866.0
12488,405.0
12489,13.0
12490,149.0
12491,844.0
12492,915.0
12493,795.0
12494,432.0
12495,292.0
12496,891.0
12497,168.0
12498,960.0
12499,762.0
12500,94.0
12501,352.0
12502,989.0
12503,809.0
12504,721.0
12505,928.0
12506,7.0
12507,213.0
12508,13.0
12509,125.0
12510,762.0
12511,946.0
12512,454.0
12513,633.0
12514,149.0
12515,130.0
12516,815.0
12517,977.0
12518,149.0
12519,660.0
12520,813.0
12521,897.0
12522,912.0
12523,149.0
12524,575.0
12525,317.0
12526,877.0
12527,251.0
12528,454.0
12529,370.0
12530,317.0
12531,813.0
12532,130.0
12533,68.0
12534,909.0
12535,846.0
12536,9.0
12537,130.0
12538,245.0
12539,909.0
12540,495.0
12541,292.0
12542,989.0
12543,50.0
12544,767.0
12545,405.0
12546,813.0
12547,839.0
12548,41.0
12549,54.0
12550,890.0
12551,795.0
12552,795.0
12553,168.0
12554,846.0
12555,489.0
12556,343.0
12557,127.0
12558,361.0
12559,213.0
12560,677.0
12561,468.0
12562,48.0
12563,884.0
12564,130.0
12565,213.0
12566,594.0
12567,446.0
12568,924.0
12569,1.0
12570,75.0
12571,68.0
12572,831.0
12573,325.0
12574,41.0
12575,468.0
12576,627.0
12577,130.0
12578,921.0
12579,788.0
12580,924.0
12581,989.0
12582,580.0
12583,856.0
12584,75.0
12585,168.0
12586,104.0
12587,974.0
12588,570.0
12589,454.0
12590,48.0
12591,497.0
12592,580.0
12593,305.0
12594,997.0
12595,149.0
12596,924.0
12597,866.0
12598,660.0
12599,168.0
12600,436.0
12601,846.0
12602,198.0
12603,352.0
12604,104.0
12605,855.0
12606,213.0
12607,402.0
12608,821.0
12609,213.0
12610,813.0
12611,946.0
12612,176.0
12613,405.0
12614,813.0
12615,143.0
12616,570.0
12617,149.0
12618,813.0
12619,767.0
12620,909.0
12621,946.0
12622,512.0
12623,946.0
12624,916.0
12625,351.0
12626,99.0
12627,168.0
12628,149.0
12629,917.0
12630,813.0
12631,597.0
12632,213.0
12633,575.0
12634,253.0
12635,130.0
12636,138.0
12637,924.0
12638,798.0
12639,370.0
12640,570.0
12641,168.0
12642,130.0
12643,167.0
12644,897.0
12645,104.0
12646,984.0
12647,809.0
12648,59.0
12649,917.0
12650,909.0
12651,30.0
12652,620.0
12653,361.0
12654,330.0
12655,104.0
12656,405.0
12657,224.0
12658,601.0
12659,974.0
12660,120.0
12661,815.0
12662,25.0
12663,130.0
12664,41.0
12665,504.0
12666,970.0
12667,815.0
12668,149.0
12669,213.0
12670,49.0
12671,580.0
12672,928.0
12673,305.0
12674,909.0
12675,308.0
12676,251.0
12677,846.0
12678,48.0
12679,762.0
12680,168.0
12681,392.0
12682,130.0
12683,813.0
12684,7.0
12685,310.0
12686,971.0
12687,13.0
12688,917.0
12689,917.0
12690,391.0
12691,767.0
12692,823.0
12693,984.0
12694,371.0
12695,1.0
12696,912.0
12697,973.0
12698,924.0
12699,310.0
12700,445.0
12701,627.0
12702,330.0
12703,916.0
12704,120.0
12705,979.0
12706,78.0
12707,429.0
12708,41.0
12709,139.0
12710,13.0
12711,570.0
12712,75.0
12713,984.0
12714,251.0
12715,884.0
12716,213.0
12717,239.0
12718,318.0
12719,448.0
12720,568.0
12721,168.0
12722,273.0
12723,989.0
12724,580.0
12725,68.0
12726,718.0
12727,251.0
12728,202.0
12729,405.0
12730,586.0
12731,130.0
12732,213.0
12733,213.0
12734,330.0
12735,42.0
12736,562.0
12737,213.0
12738,143.0
12739,59.0
12740,75.0
12741,168.0
12742,917.0
12743,251.0
12744,251.0
12745,902.0
12746,915.0
12747,905.0
12748,570.0
12749,49.0
12750,213.0
12751,307.0
12752,917.0
12753,405.0
12754,917.0
12755,255.0
12756,208.0
12757,720.0
12758,527.0
12759,191.0
12760,627.0
12761,909.0
12762,392.0
12763,832.0
12764,974.0
12765,197.0
12766,13.0
12767,921.0
12768,357.0
12769,273.0
12770,795.0
12771,440.0
12772,454.0
12773,813.0
12774,213.0
12775,68.0
12776,535.0
12777,49.0
12778,138.0
12779,1.0
12780,59.0
12781,580.0
12782,601.0
12783,1.0
12784,909.0
12785,375.0
12786,245.0
12787,125.0
12788,213.0
12789,49.0
12790,585.0
12791,202.0
12792,454.0
12793,358.0
12794,149.0
12795,213.0
12796,512.0
12797,13.0
12798,846.0
12799,317.0
12800,846.0
12801,997.0
12802,559.0
12803,902.0
12804,924.0
12805,917.0
12806,354.0
12807,317.0
12808,627.0
12809,989.0
12810,120.0
12811,405.0
12812,756.0
12813,924.0
12814,317.0
12815,111.0
12816,812.0
12817,120.0
12818,895.0
12819,305.0
12820,821.0
12821,970.0
12822,158.0
12823,798.0
12824,149.0
12825,984.0
12826,13.0
12827,813.0
12828,130.0
12829,917.0
12830,566.0
12831,317.0
12832,882.0
12833,262.0
12834,305.0
12835,497.0
12836,527.0
12837,405.0
12838,912.0
12839,49.0
12840,48.0
12841,94.0
12842,798.0
12843,317.0
12844,928.0
12845,997.0
12846,120.0
12847,127.0
12848,970.0
12849,251.0
12850,125.0
12851,405.0
12852,661.0
12853,13.0
12854,846.0
12855,68.0
12856,125.0
12857,470.0
12858,236.0
12859,924.0
12860,974.0
12861,855.0
12862,361.0
12863,884.0
12864,49.0
12865,734.0
12866,358.0
12867,183.0
12868,325.0
12869,813.0
12870,361.0
12871,984.0
12872,913.0
12873,251.0
12874,361.0
12875,213.0
12876,65.0
12877,75.0
12878,928.0
12879,916.0
12880,820.0
12881,213.0
12882,130.0
12883,325.0
12884,305.0
12885,213.0
12886,49.0
12887,895.0
12888,213.0
12889,832.0
12890,884.0
12891,68.0
12892,586.0
12893,213.0
12894,9.0
12895,9.0
12896,997.0
12897,570.0
12898,924.0
12899,970.0
12900,197.0
12901,213.0
12902,266.0
12903,391.0
12904,489.0
12905,895.0
12906,752.0
12907,832.0
12908,317.0
12909,815.0
12910,251.0
12911,916.0
12912,120.0
12913,706.0
12914,917.0
12915,984.0
12916,324.0
12917,997.0
12918,193.0
12919,495.0
12920,213.0
12921,924.0
12922,213.0
12923,48.0
12924,83.0
12925,655.0
12926,49.0
12927,928.0
12928,9.0
12929,984.0
12930,49.0
12931,251.0
12932,713.0
12933,213.0
12934,767.0
12935,884.0
12936,661.0
12937,909.0
12938,111.0
12939,813.0
12940,405.0
12941,13.0
12942,465.0
12943,130.0
12944,771.0
12945,718.0
12946,288.0
12947,49.0
12948,917.0
12949,13.0
12950,361.0
12951,756.0
12952,251.0
12953,305.0
12954,130.0
12955,580.0
12956,570.0
12957,677.0
12958,130.0
12959,594.0
12960,813.0
12961,54.0
12962,136.0
12963,59.0
12964,352.0
12965,924.0
12966,660.0
12967,49.0
12968,454.0
12969,143.0
12970,974.0
12971,75.0
12972,917.0
12973,130.0
12974,168.0
12975,535.0
12976,720.0
12977,7.0
12978,656.0
12979,405.0
12980,392.0
12981,834.0
12982,569.0
12983,928.0
12984,527.0
12985,803.0
12986,971.0
12987,130.0
12988,1.0
12989,946.0
12990,846.0
12991,561.0
12992,193.0
12993,662.0
12994,41.0
12995,120.0
12996,813.0
12997,168.0
12998,149.0
12999,325.0
13000,970.0
13001,561.0
13002,909.0
13003,41.0
13004,489.0
13005,50.0
13006,358.0
13007,406.0
13008,168.0
13009,183.0
13010,405.0
13011,706.0
13012,997.0
13013,343.0
13014,855.0
13015,310.0
13016,94.0
13017,529.0
13018,788.0
13019,127.0
13020,483.0
13021,909.0
13022,529.0
13023,251.0
13024,803.0
13025,651.0
13026,462.0
13027,813.0
13028,139.0
13029,959.0
13030,49.0
13031,104.0
13032,924.0
13033,455.0
13034,928.0
13035,917.0
13036,49.0
13037,882.0
13038,232.0
13039,144.0
13040,866.0
13041,762.0
13042,454.0
13043,916.0
13044,970.0
13045,317.0
13046,200.0
13047,317.0
13048,891.0
13049,707.0
13050,909.0
13051,118.0
13052,575.0
13053,974.0
13054,627.0
13055,239.0
13056,13.0
13057,439.0
13058,317.0
13059,866.0
13060,559.0
13061,41.0
13062,813.0
13063,813.0
13064,405.0
13065,909.0
13066,193.0
13067,317.0
13068,912.0
13069,256.0
13070,846.0
13071,512.0
13072,407.0
13073,104.0
13074,251.0
13075,721.0
13076,880.0
13077,48.0
13078,558.0
13079,570.0
13080,928.0
13081,200.0
13082,984.0
13083,991.0
13084,405.0
13085,445.0
13086,251.0
13087,454.0
13088,317.0
13089,627.0
13090,251.0
13091,292.0
13092,75.0
13093,580.0
13094,866.0
13095,139.0
13096,628.0
13097,171.0
13098,813.0
13099,597.0
13100,19.0
13101,832.0
13102,213.0
13103,70.0
13104,677.0
13105,500.0
13106,924.0
13107,50.0
13108,104.0
13109,917.0
13110,677.0
13111,921.0
13112,832.0
13113,296.0
13114,924.0
13115,561.0
13116,986.0
13117,307.0
13118,361.0
13119,94.0
13120,909.0
13121,13.0
13122,823.0
13123,130.0
13124,25.0
13125,734.0
13126,569.0
13127,866.0
13128,575.0
13129,99.0
13130,213.0
13131,251.0
13132,213.0
13133,815.0
13134,924.0
13135,454.0
13136,813.0
13137,200.0
13138,607.0
13139,960.0
13140,48.0
13141,429.0
13142,813.0
13143,197.0
13144,660.0
13145,807.0
13146,846.0
13147,9.0
13148,974.0
13149,772.0
13150,213.0
13151,902.0
13152,13.0
13153,177.0
13154,6.0
13155,662.0
13156,193.0
13157,13.0
13158,319.0
13159,916.0
13160,575.0
13161,597.0
13162,960.0
13163,920.0
13164,371.0
13165,946.0
13166,317.0
13167,960.0
13168,928.0
13169,454.0
13170,59.0
13171,677.0
13172,200.0
13173,213.0
13174,928.0
13175,627.0
13176,601.0
13177,391.0
13178,912.0
13179,213.0
13180,357.0
13181,720.0
13182,813.0
13183,49.0
13184,49.0
13185,884.0
13186,891.0
13187,149.0
13188,59.0
13189,798.0
13190,361.0
13191,406.0
13192,405.0
13193,924.0
13194,831.0
13195,580.0
13196,149.0
13197,454.0
13198,405.0
13199,970.0
13200,823.0
13201,213.0
13202,405.0
13203,352.0
13204,213.0
13205,997.0
13206,580.0
13207,143.0
13208,251.0
13209,891.0
13210,352.0
13211,501.0
13212,495.0
13213,917.0
13214,627.0
13215,149.0
13216,405.0
13217,120.0
13218,655.0
13219,734.0
13220,208.0
13221,846.0
13222,813.0
13223,381.0
13224,168.0
13225,462.0
13226,660.0
13227,909.0
13228,408.0
13229,984.0
13230,239.0
13231,517.0
13232,928.0
13233,909.0
13234,924.0
13235,627.0
13236,627.0
13237,575.0
13238,997.0
13239,916.0
13240,983.0
13241,213.0
13242,213.0
13243,213.0
13244,361.0
13245,325.0
13246,49.0
13247,718.0
13248,823.0
13249,49.0
13250,1.0
13251,168.0
13252,580.0
13253,815.0
13254,405.0
13255,831.0
13256,512.0
13257,408.0
13258,49.0
13259,305.0
13260,97.0
13261,926.0
13262,213.0
13263,924.0
13264,584.0
13265,575.0
13266,775.0
13267,846.0
13268,213.0
13269,891.0
13270,580.0
13271,468.0
13272,213.0
13273,149.0
13274,256.0
13275,213.0
13276,454.0
13277,832.0
13278,713.0
13279,882.0
13280,50.0
13281,846.0
13282,216.0
13283,627.0
13284,405.0
13285,213.0
13286,997.0
13287,193.0
13288,127.0
13289,813.0
13290,995.0
13291,917.0
13292,815.0
13293,533.0
13294,41.0
13295,720.0
13296,813.0
13297,866.0
13298,813.0
13299,39.0
13300,143.0
13301,50.0
13302,580.0
13303,361.0
13304,139.0
13305,846.0
13306,111.0
13307,193.0
13308,49.0
13309,213.0
13310,13.0
13311,813.0
13312,13.0
13313,627.0
13314,862.0
13315,517.0
13316,439.0
13317,909.0
13318,213.0
13319,812.0
13320,49.0
13321,305.0
13322,974.0
13323,273.0
13324,305.0
13325,352.0
13326,213.0
13327,30.0
13328,6.0
13329,251.0
13330,48.0
13331,917.0
13332,104.0
13333,935.0
13334,767.0
13335,813.0
13336,41.0
13337,846.0
13338,866.0
13339,216.0
13340,149.0
13341,974.0
13342,483.0
13343,213.0
13344,49.0
13345,795.0
13346,149.0
13347,655.0
13348,855.0
13349,130.0
13350,361.0
13351,913.0
13352,500.0
13353,821.0
13354,168.0
13355,529.0
13356,273.0
13357,130.0
13358,884.0
13359,584.0
13360,405.0
13361,580.0
13362,448.0
13363,813.0
13364,580.0
13365,446.0
13366,997.0
13367,445.0
13368,361.0
13369,924.0
13370,149.0
13371,239.0
13372,168.0
13373,813.0
13374,737.0
13375,570.0
13376,543.0
13377,924.0
13378,49.0
13379,358.0
13380,49.0
13381,370.0
13382,213.0
13383,130.0
13384,305.0
13385,59.0
13386,813.0
13387,180.0
13388,251.0
13389,41.0
13390,361.0
13391,168.0
13392,884.0
13393,812.0
13394,974.0
13395,361.0
13396,987.0
13397,832.0
13398,909.0
13399,974.0
13400,834.0
13401,917.0
13402,505.0
13403,381.0
13404,75.0
13405,361.0
13406,361.0
13407,50.0
13408,813.0
13409,49.0
13410,891.0
13411,813.0
13412,984.0
13413,891.0
13414,613.0
13415,317.0
13416,997.0
13417,512.0
13418,405.0
13419,408.0
13420,68.0
13421,104.0
13422,973.0
13423,917.0
13424,405.0
13425,68.0
13426,251.0
13427,984.0
13428,997.0
13429,120.0
13430,75.0
13431,974.0
13432,454.0
13433,989.0
13434,168.0
13435,973.0
13436,984.0
13437,891.0
13438,831.0
13439,75.0
13440,517.0
13441,213.0
13442,104.0
13443,213.0
13444,762.0
13445,498.0
13446,49.0
13447,445.0
13448,83.0
13449,570.0
13450,183.0
13451,665.0
13452,441.0
13453,489.0
13454,713.0
13455,149.0
13456,580.0
13457,601.0
13458,570.0
13459,575.0
13460,946.0
13461,569.0
13462,832.0
13463,832.0
13464,9.0
13465,752.0
13466,569.0
13467,83.0
13468,895.0
13469,997.0
13470,813.0
13471,251.0
13472,832.0
13473,891.0
13474,273.0
13475,942.0
13476,41.0
13477,580.0
13478,916.0
13479,6.0
13480,882.0
13481,660.0
13482,997.0
13483,409.0
13484,866.0
13485,762.0
13486,292.0
13487,971.0
13488,29.0
13489,989.0
13490,49.0
13491,543.0
13492,149.0
13493,924.0
13494,912.0
13495,917.0
13496,832.0
13497,429.0
13498,264.0
13499,909.0
13500,917.0
13501,213.0
13502,984.0
13503,67.0
13504,9.0
13505,866.0
13506,130.0
13507,193.0
13508,987.0
13509,168.0
13510,166.0
13511,912.0
13512,713.0
13513,213.0
13514,354.0
13515,575.0
13516,6.0
13517,813.0
13518,628.0
13519,236.0
13520,354.0
13521,352.0
13522,627.0
13523,405.0
13524,48.0
13525,352.0
13526,803.0
13527,166.0
13528,318.0
13529,9.0
13530,909.0
13531,721.0
13532,924.0
13533,584.0
13534,939.0
13535,445.0
13536,149.0
13537,575.0
13538,832.0
13539,917.0
13540,273.0
13541,151.0
13542,361.0
13543,997.0
13544,620.0
13545,909.0
13546,916.0
13547,370.0
13548,54.0
13549,183.0
13550,454.0
13551,305.0
13552,370.0
13553,974.0
13554,325.0
13555,928.0
13556,767.0
13557,928.0
13558,325.0
13559,149.0
13560,67.0
13561,19.0
13562,59.0
13563,884.0
13564,924.0
13565,627.0
13566,924.0
13567,454.0
13568,832.0
13569,361.0
13570,308.0
13571,580.0
13572,352.0
13573,156.0
13574,916.0
13575,463.0
13576,75.0
13577,468.0
13578,75.0
13579,660.0
13580,974.0
13581,318.0
13582,917.0
13583,946.0
13584,392.0
13585,217.0
13586,813.0
13587,928.0
13588,213.0
13589,677.0
13590,498.0
13591,168.0
13592,866.0
13593,136.0
13594,846.0
13595,987.0
13596,130.0
13597,721.0
13598,361.0
13599,318.0
13600,924.0
13601,733.0
13602,48.0
13603,984.0
13604,319.0
13605,328.0
13606,213.0
13607,512.0
13608,130.0
13609,823.0
13610,97.0
13611,915.0
13612,445.0
13613,970.0
13614,813.0
13615,891.0
13616,997.0
13617,149.0
13618,318.0
13619,251.0
13620,909.0
13621,997.0
13622,846.0
13623,627.0
13624,789.0
13625,9.0
13626,823.0
13627,733.0
13628,916.0
13629,831.0
13630,897.0
13631,789.0
13632,149.0
13633,41.0
13634,586.0
13635,352.0
13636,405.0
13637,601.0
13638,130.0
13639,19.0
13640,111.0
13641,561.0
13642,580.0
13643,912.0
13644,19.0
13645,586.0
13646,924.0
13647,575.0
13648,569.0
13649,213.0
13650,75.0
13651,41.0
13652,130.0
13653,318.0
13654,855.0
13655,317.0
13656,660.0
13657,445.0
13658,41.0
13659,665.0
13660,317.0
13661,575.0
13662,997.0
13663,130.0
13664,832.0
13665,439.0
13666,474.0
13667,924.0
13668,266.0
13669,48.0
13670,149.0
13671,9.0
13672,512.0
13673,213.0
13674,305.0
13675,138.0
13676,660.0
13677,149.0
13678,639.0
13679,125.0
13680,104.0
13681,580.0
13682,102.0
13683,762.0
13684,54.0
13685,917.0
13686,1.0
13687,660.0
13688,462.0
13689,575.0
13690,500.0
13691,149.0
13692,559.0
13693,561.0
13694,213.0
13695,924.0
13696,388.0
13697,50.0
13698,405.0
13699,575.0
13700,120.0
13701,127.0
13702,371.0
13703,405.0
13704,846.0
13705,813.0
13706,971.0
13707,111.0
13708,151.0
13709,762.0
13710,448.0
13711,832.0
13712,924.0
13713,897.0
13714,361.0
13715,767.0
13716,361.0
13717,720.0
13718,974.0
13719,179.0
13720,213.0
13721,405.0
13722,168.0
13723,846.0
13724,324.0
13725,198.0
13726,575.0
13727,168.0
13728,974.0
13729,665.0
13730,533.0
13731,325.0
13732,406.0
13733,193.0
13734,917.0
13735,168.0
13736,924.0
13737,803.0
13738,68.0
13739,813.0
13740,623.0
13741,310.0
13742,193.0
13743,558.0
13744,48.0
13745,767.0
13746,213.0
13747,217.0
13748,130.0
13749,168.0
13750,615.0
13751,846.0
13752,570.0
13753,973.0
13754,917.0
13755,70.0
13756,41.0
13757,984.0
13758,130.0
13759,580.0
13760,49.0
13761,823.0
13762,597.0
13763,939.0
13764,180.0
13765,973.0
13766,677.0
13767,405.0
13768,405.0
13769,855.0
13770,924.0
13771,59.0
13772,361.0
13773,580.0
13774,812.0
13775,569.0
13776,984.0
13777,733.0
13778,846.0
13779,317.0
13780,733.0
13781,130.0
13782,317.0
13783,436.0
13784,924.0
13785,997.0
13786,352.0
13787,405.0
13788,317.0
13789,102.0
13790,924.0
13791,529.0
13792,6.0
13793,924.0
13794,41.0
13795,409.0
13796,721.0
13797,468.0
13798,813.0
13799,127.0
13800,498.0
13801,216.0
13802,811.0
13803,213.0
13804,213.0
13805,1.0
13806,50.0
13807,846.0
13808,915.0
13809,405.0
13810,325.0
13811,594.0
13812,569.0
13813,813.0
13814,813.0
13815,273.0
13816,330.0
13817,912.0
13818,213.0
13819,660.0
13820,318.0
13821,405.0
13822,846.0
13823,813.0
13824,712.0
13825,917.0
13826,130.0
13827,917.0
13828,149.0
13829,130.0
13830,890.0
13831,677.0
13832,905.0
13833,535.0
13834,49.0
13835,9.0
13836,832.0
13837,832.0
13838,255.0
13839,307.0
13840,8.0
13841,9.0
13842,251.0
13843,130.0
13844,13.0
13845,924.0
13846,553.0
13847,660.0
13848,193.0
13849,627.0
13850,49.0
13851,846.0
13852,49.0
13853,13.0
13854,13.0
13855,648.0
13856,983.0
13857,197.0
13858,41.0
13859,895.0
13860,575.0
13861,651.0
13862,120.0
13863,9.0
13864,767.0
13865,607.0
13866,54.0
13867,13.0
13868,788.0
13869,305.0
13870,512.0
13871,534.0
13872,533.0
13873,352.0
13874,946.0
13875,130.0
13876,483.0
13877,813.0
13878,813.0
13879,102.0
13880,83.0
13881,168.0
13882,166.0
13883,891.0
13884,324.0
13885,405.0
13886,97.0
13887,9.0
13888,721.0
13889,370.0
13890,891.0
13891,136.0
13892,445.0
13893,974.0
13894,213.0
13895,584.0
13896,575.0
13897,41.0
13898,677.0
13899,352.0
13900,49.0
13901,405.0
13902,813.0
13903,924.0
13904,815.0
13905,317.0
13906,236.0
13907,580.0
13908,50.0
13909,627.0
13910,924.0
13911,75.0
13912,970.0
13913,130.0
13914,584.0
13915,660.0
13916,788.0
13917,969.0
13918,928.0
13919,559.0
13920,909.0
13921,655.0
13922,9.0
13923,445.0
13924,317.0
13925,454.0
13926,389.0
13927,200.0
13928,984.0
13929,125.0
13930,580.0
13931,213.0
13932,432.0
13933,213.0
13934,575.0
13935,995.0
13936,1.0
13937,474.0
13938,997.0
13939,823.0
13940,83.0
13941,974.0
13942,445.0
13943,504.0
13944,997.0
13945,307.0
13946,445.0
13947,767.0
13948,813.0
13949,264.0
13950,305.0
13951,361.0
13952,134.0
13953,928.0
13954,984.0
13955,866.0
13956,305.0
13957,489.0
13958,989.0
13959,916.0
13960,454.0
13961,928.0
13962,330.0
13963,445.0
13964,997.0
13965,928.0
13966,812.0
13967,474.0
13968,917.0
13969,68.0
13970,213.0
13971,149.0
13972,984.0
13973,149.0
13974,971.0
13975,558.0
13976,846.0
13977,408.0
13978,305.0
13979,307.0
13980,997.0
13981,317.0
13982,928.0
13983,866.0
13984,627.0
13985,924.0
13986,655.0
13987,193.0
13988,25.0
13989,41.0
13990,68.0
13991,370.0
13992,884.0
13993,213.0
13994,361.0
13995,586.0
13996,997.0
13997,884.0
13998,813.0
13999,924.0
14000,779.0
14001,104.0
14002,924.0
14003,305.0
14004,815.0
14005,762.0
14006,997.0
14007,168.0
14008,955.0
14009,832.0
14010,305.0
14011,917.0
14012,627.0
14013,102.0
14014,512.0
14015,557.0
14016,713.0
14017,49.0
14018,924.0
14019,50.0
14020,120.0
14021,168.0
14022,580.0
14023,213.0
14024,525.0
14025,325.0
14026,813.0
14027,997.0
14028,772.0
14029,997.0
14030,404.0
14031,562.0
14032,882.0
14033,371.0
14034,120.0
14035,168.0
14036,67.0
14037,921.0
14038,660.0
14039,660.0
14040,48.0
14041,973.0
14042,120.0
14043,720.0
14044,474.0
14045,559.0
14046,251.0
14047,989.0
14048,406.0
14049,997.0
14050,317.0
14051,570.0
14052,255.0
14053,405.0
14054,70.0
14055,393.0
14056,997.0
14057,13.0
14058,50.0
14059,130.0
14060,661.0
14061,813.0
14062,721.0
14063,924.0
14064,762.0
14065,813.0
14066,813.0
14067,541.0
14068,149.0
14069,712.0
14070,462.0
14071,406.0
14072,127.0
14073,310.0
14074,924.0
14075,49.0
14076,48.0
14077,213.0
14078,104.0
14079,795.0
14080,49.0
14081,627.0
14082,405.0
14083,884.0
14084,813.0
14085,597.0
14086,912.0
14087,997.0
14088,655.0
14089,733.0
14090,909.0
14091,49.0
14092,130.0
14093,405.0
14094,50.0
14095,324.0
14096,924.0
14097,13.0
14098,884.0
14099,50.0
14100,213.0
14101,375.0
14102,884.0
14103,939.0
14104,660.0
14105,239.0
14106,361.0
14107,130.0
14108,266.0
14109,49.0
14110,41.0
14111,884.0
14112,213.0
14113,7.0
14114,917.0
14115,49.0
14116,815.0
14117,68.0
14118,974.0
14119,585.0
14120,557.0
14121,406.0
14122,489.0
14123,179.0
14124,27.0
14125,317.0
14126,559.0
14127,767.0
14128,924.0
14129,570.0
14130,846.0
14131,905.0
14132,917.0
14133,251.0
14134,330.0
14135,317.0
14136,803.0
14137,251.0
14138,812.0
14139,575.0
14140,527.0
14141,361.0
14142,984.0
14143,305.0
14144,974.0
14145,149.0
14146,924.0
14147,970.0
14148,317.0
14149,912.0
14150,75.0
14151,916.0
14152,402.0
14153,13.0
14154,917.0
14155,997.0
14156,49.0
14157,251.0
14158,200.0
14159,866.0
14160,813.0
14161,292.0
14162,75.0
14163,895.0
14164,832.0
14165,216.0
14166,575.0
14167,158.0
14168,627.0
14169,831.0
14170,118.0
14171,939.0
14172,445.0
14173,130.0
14174,813.0
14175,832.0
14176,445.0
14177,440.0
14178,974.0
14179,177.0
14180,713.0
14181,916.0
14182,984.0
14183,580.0
14184,832.0
14185,580.0
14186,824.0
14187,305.0
14188,310.0
14189,149.0
14190,213.0
14191,151.0
14192,9.0
14193,255.0
14194,432.0
14195,971.0
14196,718.0
14197,811.0
14198,319.0
14199,627.0
14200,924.0
14201,580.0
14202,308.0
14203,130.0
14204,974.0
14205,984.0
14206,68.0
14207,68.0
14208,984.0
14209,104.0
14210,946.0
14211,846.0
14212,49.0
14213,495.0
14214,832.0
14215,798.0
14216,977.0
14217,575.0
14218,846.0
14219,94.0
14220,953.0
14221,984.0
14222,891.0
14223,13.0
14224,41.0
14225,213.0
14226,168.0
14227,916.0
14228,445.0
14229,846.0
14230,391.0
14231,49.0
14232,982.0
14233,635.0
14234,273.0
14235,661.0
14236,784.0
14237,928.0
14238,559.0
14239,834.0
14240,49.0
14241,884.0
14242,928.0
14243,180.0
14244,811.0
14245,445.0
14246,984.0
14247,317.0
14248,149.0
14249,104.0
14250,361.0
14251,149.0
14252,19.0
14253,149.0
14254,138.0
14255,884.0
14256,909.0
14257,305.0
14258,921.0
14259,635.0
14260,855.0
14261,891.0
14262,594.0
14263,785.0
14264,839.0
14265,866.0
14266,916.0
14267,120.0
14268,130.0
14269,543.0
14270,120.0
14271,48.0
14272,193.0
14273,495.0
14274,445.0
14275,924.0
14276,317.0
14277,9.0
14278,989.0
14279,318.0
14280,130.0
14281,59.0
14282,989.0
14283,928.0
14284,405.0
14285,361.0
14286,217.0
14287,13.0
14288,498.0
14289,49.0
14290,839.0
14291,928.0
14292,924.0
14293,884.0
14294,273.0
14295,939.0
14296,628.0
14297,288.0
14298,832.0
14299,432.0
14300,924.0
14301,997.0
14302,13.0
14303,361.0
14304,216.0
14305,213.0
14306,987.0
14307,324.0
14308,626.0
14309,762.0
14310,871.0
14311,125.0
14312,558.0
14313,130.0
14314,615.0
14315,665.0
14316,655.0
14317,813.0
14318,803.0
14319,251.0
14320,94.0
14321,213.0
14322,813.0
14323,361.0
14324,584.0
14325,984.0
14326,405.0
14327,213.0
14328,134.0
14329,989.0
14330,213.0
14331,633.0
14332,149.0
14333,627.0
14334,318.0
14335,627.0
14336,815.0
14337,866.0
14338,660.0
14339,813.0
14340,912.0
14341,566.0
14342,628.0
14343,41.0
14344,989.0
14345,179.0
14346,13.0
14347,180.0
14348,49.0
14349,803.0
14350,660.0
14351,639.0
14352,305.0
14353,969.0
14354,946.0
14355,168.0
14356,454.0
14357,823.0
14358,984.0
14359,871.0
14360,213.0
14361,49.0
14362,305.0
14363,324.0
14364,78.0
14365,713.0
14366,256.0
14367,884.0
14368,909.0
14369,813.0
14370,598.0
14371,213.0
14372,78.0
14373,846.0
14374,620.0
14375,917.0
14376,778.0
14377,997.0
14378,361.0
14379,371.0
14380,660.0
14381,813.0
14382,580.0
14383,318.0
14384,924.0
14385,273.0
14386,470.0
14387,213.0
14388,986.0
14389,977.0
14390,989.0
14391,832.0
14392,905.0
14393,352.0
14394,213.0
14395,813.0
14396,144.0
14397,75.0
14398,357.0
14399,580.0
14400,534.0
14401,909.0
14402,454.0
14403,960.0
14404,305.0
14405,405.0
14406,213.0
14407,846.0
14408,49.0
14409,575.0
14410,202.0
14411,541.0
14412,48.0
14413,721.0
14414,432.0
14415,569.0
14416,933.0
14417,138.0
14418,813.0
14419,924.0
14420,734.0
14421,179.0
14422,917.0
14423,909.0
14424,834.0
14425,149.0
14426,273.0
14427,361.0
14428,70.0
14429,160.0
14430,251.0
14431,580.0
14432,909.0
14433,946.0
14434,924.0
14435,251.0
14436,924.0
14437,468.0
14438,909.0
14439,75.0
14440,361.0
14441,575.0
14442,213.0
14443,823.0
14444,48.0
14445,997.0
14446,813.0
14447,325.0
14448,798.0
14449,891.0
14450,997.0
14451,832.0
14452,59.0
14453,213.0
14454,580.0
14455,832.0
14456,445.0
14457,909.0
14458,803.0
14459,928.0
14460,213.0
14461,251.0
14462,533.0
14463,815.0
14464,533.0
14465,974.0
14466,997.0
14467,404.0
14468,535.0
14469,525.0
14470,884.0
14471,149.0
14472,166.0
14473,41.0
14474,439.0
14475,305.0
14476,813.0
14477,363.0
14478,984.0
14479,392.0
14480,78.0
14481,130.0
14482,255.0
14483,834.0
14484,844.0
14485,445.0
14486,266.0
14487,843.0
14488,149.0
14489,529.0
14490,809.0
14491,213.0
14492,68.0
14493,813.0
14494,149.0
14495,130.0
14496,740.0
14497,569.0
14498,13.0
14499,104.0
14500,13.0
14501,580.0
14502,1.0
14503,149.0
14504,997.0
14505,325.0
14506,318.0
14507,917.0
14508,909.0
14509,41.0
14510,274.0
14511,127.0
14512,974.0
14513,474.0
14514,570.0
14515,762.0
14516,138.0
14517,559.0
14518,895.0
14519,970.0
14520,627.0
14521,795.0
14522,68.0
14523,775.0
14524,635.0
14525,318.0
14526,213.0
14527,318.0
14528,432.0
14529,813.0
14530,307.0
14531,924.0
14532,213.0
14533,370.0
14534,989.0
14535,361.0
14536,928.0
14537,924.0
14538,970.0
14539,921.0
14540,130.0
14541,815.0
14542,102.0
14543,454.0
14544,144.0
14545,50.0
14546,139.0
14547,928.0
14548,78.0
14549,772.0
14550,971.0
14551,273.0
14552,970.0
14553,405.0
14554,572.0
14555,13.0
14556,9.0
14557,580.0
14558,997.0
14559,917.0
14560,213.0
14561,989.0
14562,895.0
14563,13.0
14564,812.0
14565,738.0
14566,813.0
14567,239.0
14568,48.0
14569,789.0
14570,924.0
14571,445.0
14572,562.0
14573,361.0
14574,815.0
14575,191.0
14576,756.0
14577,813.0
14578,68.0
14579,924.0
14580,501.0
14581,25.0
14582,407.0
14583,656.0
14584,832.0
14585,895.0
14586,49.0
14587,251.0
14588,815.0
14589,846.0
14590,989.0
14591,41.0
14592,627.0
14593,120.0
14594,361.0
14595,317.0
14596,811.0
14597,445.0
14598,575.0
14599,946.0
14600,251.0
14601,49.0
14602,939.0
14603,191.0
14604,352.0
14605,213.0
14606,1.0
14607,454.0
14608,305.0
14609,445.0
14610,440.0
14611,370.0
14612,111.0
14613,512.0
14614,59.0
14615,9.0
14616,305.0
14617,305.0
14618,570.0
14619,130.0
14620,251.0
14621,834.0
14622,597.0
14623,580.0
14624,569.0
14625,891.0
14626,921.0
14627,120.0
14628,213.0
14629,68.0
14630,251.0
14631,183.0
14632,213.0
14633,405.0
14634,75.0
14635,832.0
14636,213.0
14637,50.0
14638,533.0
14639,855.0
14640,198.0
14641,562.0
14642,444.0
14643,924.0
14644,149.0
14645,489.0
14646,984.0
14647,130.0
14648,917.0
14649,245.0
14650,561.0
14651,813.0
14652,50.0
14653,924.0
14654,305.0
14655,405.0
14656,42.0
14657,924.0
14658,912.0
14659,213.0
14660,913.0
14661,445.0
14662,27.0
14663,607.0
14664,41.0
14665,41.0
14666,580.0
14667,104.0
14668,527.0
14669,19.0
14670,890.0
14671,839.0
14672,68.0
14673,213.0
14674,391.0
14675,924.0
14676,909.0
14677,580.0
14678,725.0
14679,375.0
14680,317.0
14681,354.0
14682,846.0
14683,820.0
14684,973.0
14685,445.0
14686,580.0
14687,967.0
14688,916.0
14689,474.0
14690,317.0
14691,13.0
14692,273.0
14693,639.0
14694,445.0
14695,317.0
14696,946.0
14697,50.0
14698,609.0
14699,601.0
14700,660.0
14701,361.0
14702,580.0
14703,130.0
14704,489.0
14705,561.0
14706,213.0
14707,13.0
14708,924.0
14709,501.0
14710,462.0
14711,946.0
14712,912.0
14713,445.0
14714,924.0
14715,932.0
14716,120.0
14717,75.0
14718,239.0
14719,866.0
14720,813.0
14721,130.0
14722,134.0
14723,616.0
14724,660.0
14725,661.0
14726,50.0
14727,762.0
14728,580.0
14729,127.0
14730,42.0
14731,527.0
14732,707.0
14733,813.0
14734,463.0
14735,813.0
14736,75.0
14737,812.0
14738,756.0
14739,125.0
14740,984.0
14741,813.0
14742,924.0
14743,575.0
14744,543.0
14745,120.0
14746,13.0
14747,255.0
14748,352.0
14749,803.0
14750,49.0
14751,317.0
14752,839.0
14753,149.0
14754,75.0
14755,921.0
14756,391.0
14757,815.0
14758,405.0
14759,307.0
14760,125.0
14761,924.0
14762,813.0
14763,13.0
14764,713.0
14765,75.0
14766,813.0
14767,213.0
14768,213.0
14769,974.0
14770,325.0
14771,42.0
14772,752.0
14773,361.0
14774,984.0
14775,445.0
14776,813.0
14777,186.0
14778,809.0
14779,846.0
14780,405.0
14781,251.0
14782,489.0
14783,75.0
14784,917.0
14785,989.0
14786,970.0
14787,352.0
14788,361.0
14789,168.0
14790,895.0
14791,921.0
14792,41.0
14793,41.0
14794,213.0
14795,59.0
14796,149.0
14797,405.0
14798,216.0
14799,405.0
14800,897.0
14801,713.0
14802,580.0
14803,330.0
14804,462.0
14805,813.0
14806,974.0
14807,251.0
14808,448.0
14809,924.0
14810,474.0
14811,811.0
14812,48.0
14813,168.0
14814,884.0
14815,125.0
14816,815.0
14817,784.0
14818,813.0
14819,13.0
14820,168.0
14821,813.0
14822,325.0
14823,41.0
14824,13.0
14825,180.0
14826,130.0
14827,213.0
14828,809.0
14829,445.0
14830,832.0
14831,662.0
14832,997.0
14833,216.0
14834,928.0
14835,19.0
14836,83.0
14837,575.0
14838,352.0
14839,632.0
14840,997.0
14841,191.0
14842,149.0
14843,809.0
14844,405.0
14845,813.0
14846,41.0
14847,601.0
14848,130.0
14849,149.0
14850,720.0
14851,660.0
14852,601.0
14853,924.0
14854,307.0
14855,812.0
14856,495.0
14857,59.0
14858,130.0
14859,213.0
14860,627.0
14861,660.0
14862,325.0
14863,997.0
14864,54.0
14865,75.0
14866,317.0
14867,213.0
14868,463.0
14869,168.0
14870,884.0
14871,224.0
14872,924.0
14873,866.0
14874,924.0
14875,616.0
14876,489.0
14877,352.0
14878,580.0
14879,50.0
14880,905.0
14881,361.0
14882,42.0
14883,50.0
14884,946.0
14885,213.0
14886,13.0
14887,946.0
14888,166.0
14889,489.0
14890,917.0
14891,405.0
14892,193.0
14893,960.0
14894,762.0
14895,352.0
14896,512.0
14897,305.0
14898,997.0
14899,213.0
14900,160.0
14901,370.0
14902,317.0
14903,138.0
14904,104.0
14905,997.0
14906,832.0
14907,648.0
14908,924.0
14909,68.0
14910,832.0
14911,970.0
14912,928.0
14913,475.0
14914,305.0
14915,909.0
14916,984.0
14917,264.0
14918,251.0
14919,371.0
14920,997.0
14921,405.0
14922,813.0
14923,94.0
14924,330.0
14925,632.0
14926,130.0
14927,498.0
14928,75.0
14929,127.0
14930,454.0
14931,361.0
14932,527.0
14933,928.0
14934,361.0
14935,813.0
14936,127.0
14937,720.0
14938,970.0
14939,979.0
14940,120.0
14941,946.0
14942,813.0
14943,75.0
14944,168.0
14945,405.0
14946,371.0
14947,200.0
14948,266.0
14949,846.0
14950,717.0
14951,168.0
14952,924.0
14953,921.0
14954,343.0
14955,168.0
14956,42.0
14957,445.0
14958,48.0
14959,678.0
14960,361.0
14961,49.0
14962,9.0
14963,917.0
14964,352.0
14965,354.0
14966,580.0
14967,866.0
14968,13.0
14969,653.0
14970,255.0
14971,815.0
14972,535.0
14973,27.0
14974,909.0
14975,39.0
14976,586.0
14977,832.0
14978,921.0
14979,707.0
14980,655.0
14981,535.0
14982,256.0
14983,569.0
14984,795.0
14985,585.0
14986,713.0
14987,661.0
14988,779.0
14989,149.0
14990,846.0
14991,310.0
14992,439.0
14993,375.0
14994,803.0
14995,317.0
14996,884.0
14997,495.0
14998,813.0
14999,408.0
15000,406.0
15001,245.0
15002,832.0
15003,317.0
15004,70.0
15005,987.0
15006,406.0
15007,928.0
15008,891.0
15009,149.0
15010,317.0
15011,584.0
15012,213.0
15013,656.0
15014,310.0
15015,49.0
15016,130.0
15017,939.0
15018,977.0
15019,891.0
15020,924.0
15021,924.0
15022,946.0
15023,660.0
15024,149.0
15025,213.0
15026,928.0
15027,262.0
15028,213.0
15029,213.0
15030,361.0
15031,632.0
15032,130.0
15033,120.0
15034,512.0
15035,102.0
15036,83.0
15037,405.0
15038,924.0
15039,138.0
15040,607.0
15041,406.0
15042,330.0
15043,406.0
15044,909.0
15045,970.0
15046,99.0
15047,474.0
15048,213.0
15049,54.0
15050,49.0
15051,575.0
15052,928.0
15053,921.0
15054,984.0
15055,19.0
15056,924.0
15057,266.0
15058,354.0
15059,454.0
15060,812.0
15061,767.0
15062,627.0
15063,984.0
15064,445.0
15065,310.0
15066,832.0
15067,168.0
15068,125.0
15069,917.0
15070,213.0
15071,928.0
15072,855.0
15073,932.0
15074,41.0
15075,318.0
15076,318.0
15077,639.0
15078,94.0
15079,166.0
15080,454.0
15081,660.0
15082,580.0
15083,445.0
15084,144.0
15085,960.0
15086,987.0
15087,846.0
15088,197.0
15089,928.0
15090,803.0
15091,130.0
15092,149.0
15093,584.0
15094,273.0
15095,575.0
15096,928.0
15097,639.0
15098,130.0
15099,330.0
15100,939.0
15101,474.0
15102,543.0
15103,820.0
15104,149.0
15105,924.0
15106,928.0
15107,811.0
15108,361.0
15109,176.0
15110,180.0
15111,49.0
15112,823.0
15113,319.0
15114,813.0
15115,49.0
15116,997.0
15117,665.0
15118,361.0
15119,784.0
15120,454.0
15121,68.0
15122,166.0
15123,405.0
15124,448.0
15125,829.0
15126,924.0
15127,305.0
15128,846.0
15129,979.0
15130,361.0
15131,417.0
15132,405.0
15133,27.0
15134,566.0
15135,127.0
15136,352.0
15137,392.0
15138,130.0
15139,533.0
15140,584.0
15141,660.0
15142,445.0
15143,118.0
15144,149.0
15145,75.0
15146,812.0
15147,83.0
15148,974.0
15149,213.0
15150,213.0
15151,533.0
15152,553.0
15153,813.0
15154,569.0
15155,318.0
15156,402.0
15157,405.0
15158,752.0
15159,166.0
15160,738.0
15161,361.0
15162,613.0
15163,970.0
15164,99.0
15165,974.0
15166,984.0
15167,49.0
15168,584.0
15169,75.0
15170,570.0
15171,120.0
15172,330.0
15173,75.0
15174,581.0
15175,832.0
15176,823.0
15177,138.0
15178,654.0
15179,405.0
15180,213.0
15181,580.0
15182,318.0
15183,916.0
15184,489.0
15185,48.0
15186,891.0
15187,832.0
15188,785.0
15189,149.0
15190,405.0
15191,917.0
15192,361.0
15193,13.0
15194,813.0
15195,445.0
15196,762.0
15197,49.0
15198,13.0
15199,884.0
15200,917.0
15201,341.0
15202,609.0
15203,585.0
15204,168.0
15205,803.0
15206,405.0
15207,49.0
15208,771.0
15209,49.0
15210,445.0
15211,13.0
15212,305.0
15213,984.0
15214,49.0
15215,884.0
15216,575.0
15217,160.0
15218,216.0
15219,49.0
15220,168.0
15221,325.0
15222,407.0
15223,916.0
15224,273.0
15225,721.0
15226,325.0
15227,512.0
15228,125.0
15229,811.0
15230,361.0
15231,168.0
15232,445.0
15233,939.0
15234,68.0
15235,580.0
15236,660.0
15237,213.0
15238,9.0
15239,989.0
15240,832.0
15241,767.0
15242,264.0
15243,866.0
15244,909.0
15245,529.0
15246,9.0
15247,445.0
15248,848.0
15249,495.0
15250,405.0
15251,660.0
15252,924.0
15253,977.0
15254,891.0
15255,59.0
15256,909.0
15257,580.0
15258,354.0
15259,213.0
15260,48.0
15261,886.0
15262,813.0
15263,890.0
15264,928.0
15265,557.0
15266,217.0
15267,909.0
15268,575.0
15269,13.0
15270,517.0
15271,180.0
15272,41.0
15273,984.0
15274,317.0
15275,620.0
15276,351.0
15277,213.0
15278,130.0
15279,884.0
15280,13.0
15281,706.0
15282,130.0
15283,48.0
15284,974.0
15285,130.0
15286,977.0
15287,325.0
15288,580.0
15289,317.0
15290,720.0
15291,684.0
15292,216.0
15293,924.0
15294,151.0
15295,762.0
15296,813.0
15297,989.0
15298,454.0
15299,75.0
15300,627.0
15301,120.0
15302,213.0
15303,684.0
15304,361.0
15305,533.0
15306,305.0
15307,102.0
15308,559.0
15309,49.0
15310,68.0
15311,325.0
15312,138.0
15313,924.0
15314,202.0
15315,455.0
15316,832.0
15317,866.0
15318,917.0
15319,180.0
15320,13.0
15321,823.0
15322,361.0
15323,75.0
15324,580.0
15325,149.0
15326,68.0
15327,946.0
15328,559.0
15329,955.0
15330,36.0
15331,884.0
15332,251.0
15333,310.0
15334,213.0
15335,404.0
15336,924.0
15337,49.0
15338,6.0
15339,823.0
15340,325.0
15341,49.0
15342,813.0
15343,627.0
15344,527.0
15345,533.0
15346,264.0
15347,239.0
15348,916.0
15349,939.0
15350,325.0
15351,973.0
15352,168.0
15353,909.0
15354,405.0
15355,361.0
15356,767.0
15357,405.0
15358,111.0
15359,627.0
15360,310.0
15361,997.0
15362,779.0
15363,149.0
15364,439.0
15365,371.0
15366,884.0
15367,570.0
15368,559.0
15369,895.0
15370,946.0
15371,832.0
15372,620.0
15373,41.0
15374,139.0
15375,405.0
15376,361.0
15377,615.0
15378,777.0
15379,627.0
15380,832.0
15381,626.0
15382,193.0
15383,454.0
15384,921.0
15385,902.0
15386,405.0
15387,251.0
15388,19.0
15389,984.0
15390,255.0
15391,310.0
15392,569.0
15393,446.0
15394,213.0
15395,580.0
15396,149.0
15397,409.0
15398,928.0
15399,224.0
15400,305.0
15401,884.0
15402,762.0
15403,13.0
15404,775.0
15405,660.0
15406,49.0
15407,213.0
15408,120.0
15409,251.0
15410,78.0
15411,915.0
15412,495.0
15413,575.0
15414,660.0
15415,213.0
15416,405.0
15417,891.0
15418,168.0
15419,720.0
15420,905.0
15421,41.0
15422,580.0
15423,779.0
15424,59.0
15425,512.0
15426,762.0
15427,168.0
15428,983.0
15429,891.0
15430,318.0
15431,213.0
15432,432.0
15433,317.0
15434,677.0
15435,977.0
15436,255.0
15437,197.0
15438,149.0
15439,707.0
15440,445.0
15441,884.0
15442,262.0
15443,445.0
15444,67.0
15445,213.0
15446,325.0
15447,803.0
15448,143.0
15449,193.0
15450,6.0
15451,305.0
15452,917.0
15453,832.0
15454,213.0
15455,405.0
15456,813.0
15457,361.0
15458,832.0
15459,325.0
15460,13.0
15461,580.0
15462,468.0
15463,405.0
15464,67.0
15465,580.0
15466,59.0
15467,202.0
15468,580.0
15469,13.0
15470,264.0
15471,391.0
15472,866.0
15473,746.0
15474,984.0
15475,462.0
15476,445.0
15477,120.0
15478,130.0
15479,130.0
15480,75.0
15481,928.0
15482,971.0
15483,917.0
15484,977.0
15485,575.0
15486,6.0
15487,405.0
15488,831.0
15489,49.0
15490,264.0
15491,813.0
15492,809.0
15493,660.0
15494,49.0
15495,984.0
15496,551.0
15497,627.0
15498,861.0
15499,83.0
15500,251.0
15501,317.0
15502,946.0
15503,580.0
15504,986.0
15505,813.0
15506,104.0
15507,118.0
15508,566.0
15509,325.0
15510,130.0
15511,627.0
15512,971.0
15513,607.0
15514,813.0
15515,305.0
15516,839.0
15517,13.0
15518,512.0
15519,200.0
15520,130.0
15521,354.0
15522,468.0
15523,615.0
15524,615.0
15525,815.0
15526,543.0
15527,707.0
15528,767.0
15529,891.0
15530,924.0
15531,846.0
15532,884.0
15533,76.0
15534,213.0
15535,317.0
15536,570.0
15537,251.0
15538,884.0
15539,468.0
15540,251.0
15541,970.0
15542,213.0
15543,317.0
15544,352.0
15545,213.0
15546,924.0
15547,392.0
15548,139.0
15549,821.0
15550,557.0
15551,49.0
15552,512.0
15553,812.0
15554,660.0
15555,660.0
15556,317.0
15557,213.0
15558,266.0
15559,915.0
15560,831.0
15561,59.0
15562,120.0
15563,718.0
15564,330.0
15565,29.0
15566,134.0
15567,445.0
15568,251.0
15569,213.0
15570,662.0
15571,984.0
15572,813.0
15573,305.0
15574,168.0
15575,343.0
15576,815.0
15577,846.0
15578,217.0
15579,839.0
15580,168.0
15581,325.0
15582,405.0
15583,59.0
15584,149.0
15585,917.0
15586,1.0
15587,213.0
15588,823.0
15589,733.0
15590,13.0
15591,104.0
15592,665.0
15593,543.0
15594,445.0
15595,575.0
15596,946.0
15597,924.0
15598,49.0
15599,149.0
15600,130.0
15601,213.0
15602,308.0
15603,917.0
15604,130.0
15605,454.0
15606,997.0
15607,465.0
15608,820.0
15609,846.0
15610,50.0
15611,712.0
15612,884.0
15613,505.0
15614,405.0
15615,832.0
15616,67.0
15617,149.0
15618,49.0
15619,575.0
15620,660.0
15621,861.0
15622,405.0
15623,924.0
15624,955.0
15625,974.0
15626,318.0
15627,455.0
15628,208.0
15629,13.0
15630,251.0
15631,317.0
15632,683.0
15633,130.0
15634,213.0
15635,239.0
15636,928.0
15637,251.0
15638,405.0
15639,882.0
15640,813.0
15641,370.0
15642,373.0
15643,1.0
15644,601.0
15645,832.0
15646,120.0
15647,168.0
15648,475.0
15649,41.0
15650,656.0
15651,392.0
15652,361.0
15653,432.0
15654,13.0
15655,533.0
15656,406.0
15657,762.0
15658,498.0
15659,130.0
15660,139.0
15661,575.0
15662,917.0
15663,104.0
15664,812.0
15665,928.0
15666,974.0
15667,832.0
15668,239.0
15669,660.0
15670,100.0
15671,16.0
15672,213.0
15673,213.0
15674,308.0
15675,795.0
15676,890.0
15677,916.0
15678,924.0
15679,660.0
15680,543.0
15681,49.0
15682,361.0
15683,884.0
15684,785.0
15685,569.0
15686,812.0
15687,909.0
15688,130.0
15689,273.0
15690,767.0
15691,946.0
15692,454.0
15693,632.0
15694,575.0
15695,75.0
15696,651.0
15697,813.0
15698,391.0
15699,405.0
15700,302.0
15701,813.0
15702,266.0
15703,813.0
15704,585.0
15705,445.0
15706,812.0
15707,454.0
15708,891.0
15709,317.0
15710,127.0
15711,42.0
15712,361.0
15713,832.0
15714,977.0
15715,54.0
15716,49.0
15717,317.0
15718,721.0
15719,405.0
15720,813.0
15721,134.0
15722,361.0
15723,318.0
15724,489.0
15725,168.0
15726,49.0
15727,575.0
15728,779.0
15729,884.0
15730,654.0
15731,884.0
15732,305.0
15733,41.0
15734,168.0
15735,324.0
15736,834.0
15737,13.0
15738,49.0
15739,997.0
15740,216.0
15741,979.0
15742,68.0
15743,97.0
15744,139.0
15745,392.0
15746,120.0
15747,405.0
15748,512.0
15749,648.0
15750,609.0
15751,569.0
15752,49.0
15753,813.0
15754,846.0
15755,831.0
15756,846.0
15757,572.0
15758,213.0
15759,149.0
15760,168.0
15761,75.0
15762,149.0
15763,880.0
15764,59.0
15765,909.0
15766,813.0
15767,989.0
15768,915.0
15769,533.0
15770,41.0
15771,627.0
15772,902.0
15773,445.0
15774,305.0
15775,585.0
15776,756.0
15777,361.0
15778,198.0
15779,213.0
15780,633.0
15781,375.0
15782,866.0
15783,924.0
15784,884.0
15785,803.0
15786,391.0
15787,775.0
15788,846.0
15789,475.0
15790,846.0
15791,924.0
15792,607.0
15793,180.0
15794,368.0
15795,917.0
15796,495.0
15797,343.0
15798,813.0
15799,392.0
15800,27.0
15801,928.0
15802,197.0
15803,562.0
15804,823.0
15805,811.0
15806,305.0
15807,812.0
15808,251.0
15809,884.0
15810,317.0
15811,130.0
15812,543.0
15813,581.0
15814,255.0
15815,75.0
15816,200.0
15817,795.0
15818,245.0
15819,280.0
15820,305.0
15821,813.0
15822,127.0
15823,292.0
15824,49.0
15825,660.0
15826,445.0
15827,149.0
15828,677.0
15829,75.0
15830,655.0
15831,130.0
15832,815.0
15833,149.0
15834,627.0
15835,130.0
15836,75.0
15837,125.0
15838,49.0
15839,880.0
15840,49.0
15841,660.0
15842,884.0
15843,149.0
15844,928.0
15845,718.0
15846,445.0
15847,273.0
15848,762.0
15849,597.0
15850,623.0
15851,166.0
15852,171.0
15853,168.0
15854,213.0
15855,924.0
15856,570.0
15857,305.0
15858,41.0
15859,305.0
15860,213.0
15861,42.0
15862,916.0
15863,13.0
15864,909.0
15865,305.0
15866,628.0
15867,75.0
15868,718.0
15869,305.0
15870,130.0
15871,104.0
15872,49.0
15873,50.0
15874,120.0
15875,928.0
15876,391.0
15877,720.0
15878,803.0
15879,734.0
15880,803.0
15881,168.0
15882,94.0
15883,59.0
15884,216.0
15885,67.0
15886,916.0
15887,405.0
15888,305.0
15889,75.0
15890,361.0
15891,149.0
15892,626.0
15893,104.0
15894,632.0
15895,615.0
15896,370.0
15897,168.0
15898,946.0
15899,406.0
15900,915.0
15901,984.0
15902,926.0
15903,795.0
15904,832.0
15905,798.0
15906,655.0
15907,305.0
15908,846.0
15909,656.0
15910,193.0
15911,832.0
15912,97.0
15913,177.0
15914,256.0
15915,886.0
15916,302.0
15917,831.0
15918,989.0
15919,946.0
15920,586.0
15921,49.0
15922,584.0
15923,866.0
15924,347.0
15925,149.0
15926,120.0
15927,762.0
15928,585.0
15929,997.0
15930,130.0
15931,823.0
15932,527.0
15933,177.0
15934,405.0
15935,569.0
15936,607.0
15937,213.0
15938,983.0
15939,997.0
15940,49.0
15941,913.0
15942,989.0
15943,924.0
15944,9.0
15945,325.0
15946,489.0
15947,465.0
15948,909.0
15949,130.0
15950,759.0
15951,501.0
15952,49.0
15953,118.0
15954,660.0
15955,559.0
15956,177.0
15957,928.0
15958,213.0
15959,405.0
15960,916.0
15961,815.0
15962,813.0
15963,149.0
15964,49.0
15965,939.0
15966,310.0
15967,762.0
15968,59.0
15969,446.0
15970,352.0
15971,130.0
15972,535.0
15973,49.0
15974,49.0
15975,924.0
15976,866.0
15977,917.0
15978,440.0
15979,255.0
15980,832.0
15981,468.0
15982,104.0
15983,104.0
15984,924.0
15985,813.0
15986,454.0
15987,445.0
15988,707.0
15989,432.0
15990,713.0
15991,815.0
15992,445.0
15993,318.0
15994,361.0
15995,497.0
15996,213.0
15997,924.0
15998,370.0
15999,83.0
16000,844.0
16001,813.0
16002,884.0
16003,585.0
16004,83.0
16005,815.0
16006,354.0
16007,823.0
16008,9.0
16009,970.0
16010,989.0
16011,213.0
16012,405.0
16013,125.0
16014,861.0
16015,569.0
16016,924.0
16017,251.0
16018,305.0
16019,392.0
16020,762.0
16021,585.0
16022,13.0
16023,213.0
16024,884.0
16025,813.0
16026,813.0
16027,41.0
16028,67.0
16029,584.0
16030,500.0
16031,405.0
16032,41.0
16033,559.0
16034,120.0
16035,445.0
16036,197.0
16037,213.0
16038,166.0
16039,343.0
16040,454.0
16041,292.0
16042,489.0
16043,915.0
16044,803.0
16045,665.0
16046,974.0
16047,909.0
16048,909.0
16049,251.0
16050,317.0
16051,191.0
16052,946.0
16053,50.0
16054,149.0
16055,41.0
16056,16.0
16057,660.0
16058,143.0
16059,762.0
16060,406.0
16061,921.0
16062,823.0
16063,130.0
16064,307.0
16065,13.0
16066,251.0
16067,916.0
16068,912.0
16069,208.0
16070,924.0
16071,884.0
16072,923.0
16073,120.0
16074,594.0
16075,317.0
16076,566.0
16077,553.0
16078,125.0
16079,984.0
16080,474.0
16081,846.0
16082,251.0
16083,50.0
16084,168.0
16085,558.0
16086,921.0
16087,130.0
16088,946.0
16089,762.0
16090,13.0
16091,855.0
16092,543.0
16093,580.0
16094,815.0
16095,721.0
16096,543.0
16097,543.0
16098,946.0
16099,627.0
16100,68.0
16101,213.0
16102,505.0
16103,561.0
16104,149.0
16105,974.0
16106,811.0
16107,213.0
16108,917.0
16109,213.0
16110,489.0
16111,130.0
16112,104.0
16113,616.0
16114,559.0
16115,462.0
16116,361.0
16117,917.0
16118,651.0
16119,48.0
16120,251.0
16121,813.0
16122,405.0
16123,149.0
16124,213.0
16125,533.0
16126,166.0
16127,370.0
16128,168.0
16129,813.0
16130,59.0
16131,928.0
16132,946.0
16133,317.0
16134,49.0
16135,924.0
16136,917.0
16137,48.0
16138,905.0
16139,13.0
16140,361.0
16141,597.0
16142,440.0
16143,454.0
16144,651.0
16145,891.0
16146,406.0
16147,213.0
16148,217.0
16149,405.0
16150,568.0
16151,213.0
16152,917.0
16153,49.0
16154,166.0
16155,49.0
16156,767.0
16157,886.0
16158,445.0
16159,984.0
16160,440.0
16161,575.0
16162,274.0
16163,41.0
16164,406.0
16165,613.0
16166,13.0
16167,102.0
16168,655.0
16169,68.0
16170,820.0
16171,130.0
16172,310.0
16173,50.0
16174,832.0
16175,575.0
16176,13.0
16177,789.0
16178,48.0
16179,813.0
16180,660.0
16181,779.0
16182,979.0
16183,575.0
16184,917.0
16185,42.0
16186,305.0
16187,130.0
16188,813.0
16189,974.0
16190,361.0
16191,815.0
16192,255.0
16193,924.0
16194,49.0
16195,575.0
16196,866.0
16197,580.0
16198,939.0
16199,580.0
16200,928.0
16201,813.0
16202,839.0
16203,213.0
16204,75.0
16205,813.0
16206,866.0
16207,454.0
16208,489.0
16209,916.0
16210,971.0
16211,924.0
16212,213.0
16213,318.0
16214,575.0
16215,980.0
16216,798.0
16217,68.0
16218,111.0
16219,924.0
16220,97.0
16221,50.0
16222,543.0
16223,16.0
16224,660.0
16225,946.0
16226,660.0
16227,463.0
16228,41.0
16229,168.0
16230,13.0
16231,917.0
16232,343.0
16233,572.0
16234,580.0
16235,391.0
16236,971.0
16237,855.0
16238,917.0
16239,997.0
16240,890.0
16241,504.0
16242,149.0
16243,495.0
16244,406.0
16245,561.0
16246,361.0
16247,660.0
16248,902.0
16249,575.0
16250,324.0
16251,49.0
16252,813.0
16253,130.0
16254,559.0
16255,409.0
16256,120.0
16257,832.0
16258,946.0
16259,917.0
16260,213.0
16261,813.0
16262,955.0
16263,50.0
16264,49.0
16265,462.0
16266,866.0
16267,405.0
16268,273.0
16269,971.0
16270,405.0
16271,186.0
16272,445.0
16273,775.0
16274,946.0
16275,371.0
16276,305.0
16277,317.0
16278,305.0
16279,866.0
16280,832.0
16281,594.0
16282,130.0
16283,924.0
16284,495.0
16285,75.0
16286,445.0
16287,50.0
16288,251.0
16289,660.0
16290,255.0
16291,42.0
16292,68.0
16293,99.0
16294,330.0
16295,9.0
16296,762.0
16297,432.0
16298,197.0
16299,318.0
16300,974.0
16301,923.0
16302,168.0
16303,317.0
16304,251.0
16305,812.0
16306,120.0
16307,815.0
16308,725.0
16309,49.0
16310,997.0
16311,130.0
16312,59.0
16313,924.0
16314,405.0
16315,627.0
16316,134.0
16317,120.0
16318,216.0
16319,891.0
16320,193.0
16321,834.0
16322,41.0
16323,317.0
16324,946.0
16325,193.0
16326,884.0
16327,895.0
16328,803.0
16329,489.0
16330,534.0
16331,371.0
16332,213.0
16333,445.0
16334,41.0
16335,49.0
16336,832.0
16337,789.0
16338,846.0
16339,884.0
16340,130.0
16341,813.0
16342,832.0
16343,406.0
16344,832.0
16345,924.0
16346,60.0
16347,813.0
16348,815.0
16349,756.0
16350,821.0
16351,436.0
16352,75.0
16353,585.0
16354,9.0
16355,392.0
16356,83.0
16357,402.0
16358,721.0
16359,317.0
16360,125.0
16361,809.0
16362,553.0
16363,762.0
16364,354.0
16365,168.0
16366,997.0
16367,813.0
16368,405.0
16369,7.0
16370,445.0
16371,946.0
16372,970.0
16373,193.0
16374,13.0
16375,68.0
16376,41.0
16377,575.0
16378,831.0
16379,94.0
16380,997.0
16381,168.0
16382,884.0
16383,832.0
16384,429.0
16385,179.0
16386,762.0
16387,543.0
16388,909.0
16389,891.0
16390,884.0
16391,308.0
16392,912.0
16393,49.0
16394,213.0
16395,984.0
16396,832.0
16397,660.0
16398,474.0
16399,361.0
16400,720.0
16401,928.0
16402,319.0
16403,13.0
16404,984.0
16405,620.0
16406,890.0
16407,405.0
16408,239.0
16409,290.0
16410,862.0
16411,809.0
16412,533.0
16413,224.0
16414,989.0
16415,41.0
16416,405.0
16417,445.0
16418,813.0
16419,813.0
16420,928.0
16421,917.0
16422,813.0
16423,48.0
16424,48.0
16425,584.0
16426,580.0
16427,149.0
16428,168.0
16429,255.0
16430,354.0
16431,455.0
16432,627.0
16433,923.0
16434,50.0
16435,130.0
16436,489.0
16437,917.0
16438,721.0
16439,305.0
16440,812.0
16441,317.0
16442,125.0
16443,68.0
16444,130.0
16445,997.0
16446,891.0
16447,984.0
16448,829.0
16449,405.0
16450,183.0
16451,405.0
16452,213.0
16453,454.0
16454,969.0
16455,130.0
16456,917.0
16457,756.0
16458,489.0
16459,627.0
16460,627.0
16461,946.0
16462,928.0
16463,13.0
16464,168.0
16465,660.0
16466,917.0
16467,251.0
16468,733.0
16469,570.0
16470,343.0
16471,302.0
16472,970.0
16473,832.0
16474,917.0
16475,946.0
16476,255.0
16477,924.0
16478,305.0
16479,354.0
16480,974.0
16481,94.0
16482,251.0
16483,767.0
16484,317.0
16485,558.0
16486,305.0
16487,884.0
16488,247.0
16489,891.0
16490,495.0
16491,648.0
16492,75.0
16493,924.0
16494,445.0
16495,42.0
16496,130.0
16497,361.0
16498,561.0
16499,585.0
16500,255.0
16501,616.0
16502,662.0
16503,813.0
16504,997.0
16505,48.0
16506,120.0
16507,656.0
16508,832.0
16509,405.0
16510,983.0
16511,974.0
16512,41.0
16513,813.0
16514,405.0
16515,255.0
16516,361.0
16517,902.0
16518,445.0
16519,381.0
16520,821.0
16521,361.0
16522,120.0
16523,620.0
16524,251.0
16525,54.0
16526,798.0
16527,983.0
16528,305.0
16529,946.0
16530,139.0
16531,795.0
16532,149.0
16533,354.0
16534,149.0
16535,499.0
16536,559.0
16537,891.0
16538,767.0
16539,149.0
16540,305.0
16541,354.0
16542,886.0
16543,813.0
16544,213.0
16545,130.0
16546,924.0
16547,213.0
16548,317.0
16549,273.0
16550,902.0
16551,890.0
16552,49.0
16553,813.0
16554,946.0
16555,361.0
16556,361.0
16557,924.0
16558,42.0
16559,580.0
16560,813.0
16561,354.0
16562,49.0
16563,179.0
16564,375.0
16565,361.0
16566,48.0
16567,49.0
16568,607.0
16569,627.0
16570,41.0
16571,213.0
16572,262.0
16573,627.0
16574,586.0
16575,49.0
16576,130.0
16577,884.0
16578,264.0
16579,307.0
16580,974.0
16581,251.0
16582,324.0
16583,94.0
16584,75.0
16585,909.0
16586,213.0
16587,168.0
16588,134.0
16589,813.0
16590,310.0
16591,660.0
16592,54.0
16593,559.0
16594,677.0
16595,971.0
16596,27.0
16597,168.0
16598,354.0
16599,575.0
16600,655.0
16601,917.0
16602,392.0
16603,813.0
16604,371.0
16605,49.0
16606,168.0
16607,917.0
16608,13.0
16609,251.0
16610,13.0
16611,193.0
16612,59.0
16613,512.0
16614,559.0
16615,405.0
16616,317.0
16617,1.0
16618,251.0
16619,213.0
16620,762.0
16621,498.0
16622,655.0
16623,318.0
16624,54.0
16625,454.0
16626,468.0
16627,809.0
16628,255.0
16629,512.0
16630,534.0
16631,354.0
16632,213.0
16633,68.0
16634,762.0
16635,785.0
16636,928.0
16637,104.0
16638,660.0
16639,213.0
16640,213.0
16641,27.0
16642,929.0
16643,94.0
16644,832.0
16645,997.0
16646,436.0
16647,213.0
16648,343.0
16649,575.0
16650,13.0
16651,832.0
16652,660.0
16653,829.0
16654,977.0
16655,42.0
16656,974.0
16657,13.0
16658,83.0
16659,580.0
16660,839.0
16661,543.0
16662,354.0
16663,891.0
16664,924.0
16665,813.0
16666,402.0
16667,305.0
16668,924.0
16669,857.0
16670,813.0
16671,104.0
16672,575.0
16673,445.0
16674,213.0
16675,677.0
16676,138.0
16677,924.0
16678,977.0
16679,375.0
16680,615.0
16681,446.0
16682,601.0
16683,580.0
16684,789.0
16685,273.0
16686,767.0
16687,99.0
16688,813.0
16689,324.0
16690,635.0
16691,317.0
16692,1.0
16693,857.0
16694,775.0
16695,627.0
16696,317.0
16697,839.0
16698,405.0
16699,97.0
16700,324.0
16701,813.0
16702,580.0
16703,130.0
16704,139.0
16705,102.0
16706,662.0
16707,118.0
16708,264.0
16709,909.0
16710,446.0
16711,168.0
16712,239.0
16713,917.0
16714,909.0
16715,891.0
16716,839.0
16717,324.0
16718,939.0
16719,30.0
16720,559.0
16721,585.0
16722,984.0
16723,946.0
16724,75.0
16725,995.0
16726,660.0
16727,512.0
16728,984.0
16729,627.0
16730,13.0
16731,662.0
16732,163.0
16733,928.0
16734,813.0
16735,627.0
16736,890.0
16737,803.0
16738,713.0
16739,575.0
16740,454.0
16741,813.0
16742,815.0
16743,130.0
16744,823.0
16745,317.0
16746,815.0
16747,813.0
16748,9.0
16749,305.0
16750,912.0
16751,149.0
16752,213.0
16753,803.0
16754,498.0
16755,627.0
16756,866.0
16757,317.0
16758,984.0
16759,266.0
16760,718.0
16761,83.0
16762,884.0
16763,558.0
16764,41.0
16765,445.0
16766,924.0
16767,19.0
16768,627.0
16769,570.0
16770,721.0
16771,660.0
16772,601.0
16773,924.0
16774,68.0
16775,224.0
16776,984.0
16777,149.0
16778,913.0
16779,924.0
16780,916.0
16781,405.0
16782,798.0
16783,49.0
16784,499.0
16785,197.0
16786,50.0
16787,213.0
16788,813.0
16789,984.0
16790,130.0
16791,924.0
16792,255.0
16793,813.0
16794,474.0
16795,41.0
16796,68.0
16797,317.0
16798,916.0
16799,909.0
16800,662.0
16801,884.0
16802,97.0
16803,138.0
16804,627.0
16805,813.0
16806,846.0
16807,454.0
16808,405.0
16809,660.0
16810,245.0
16811,213.0
16812,866.0
16813,928.0
16814,317.0
16815,569.0
16816,104.0
16817,924.0
16818,946.0
16819,627.0
16820,974.0
16821,138.0
16822,49.0
16823,130.0
16824,213.0
16825,916.0
16826,343.0
16827,979.0
16828,798.0
16829,83.0
16830,49.0
16831,179.0
16832,120.0
16833,767.0
16834,54.0
16835,501.0
16836,813.0
16837,94.0
16838,656.0
16839,928.0
16840,439.0
16841,202.0
16842,551.0
16843,909.0
16844,75.0
16845,974.0
16846,307.0
16847,177.0
16848,94.0
16849,570.0
16850,654.0
16851,635.0
16852,924.0
16853,721.0
16854,391.0
16855,406.0
16856,846.0
16857,139.0
16858,1.0
16859,166.0
16860,823.0
16861,361.0
16862,308.0
16863,632.0
16864,127.0
16865,317.0
16866,989.0
16867,405.0
16868,317.0
16869,928.0
16870,575.0
16871,120.0
16872,405.0
16873,660.0
16874,627.0
16875,264.0
16876,59.0
16877,740.0
16878,909.0
16879,83.0
16880,49.0
16881,405.0
16882,139.0
16883,891.0
16884,832.0
16885,946.0
16886,884.0
16887,198.0
16888,168.0
16889,971.0
16890,370.0
16891,882.0
16892,149.0
16893,474.0
16894,495.0
16895,946.0
16896,445.0
16897,97.0
16898,575.0
16899,815.0
16900,857.0
16901,70.0
16902,120.0
16903,916.0
16904,627.0
16905,720.0
16906,9.0
16907,405.0
16908,570.0
16909,572.0
16910,54.0
16911,324.0
16912,973.0
16913,26.0
16914,317.0
16915,149.0
16916,134.0
16917,812.0
16918,245.0
16919,512.0
16920,213.0
16921,917.0
16922,575.0
16923,977.0
16924,120.0
16925,255.0
16926,130.0
16927,997.0
16928,823.0
16929,575.0
16930,916.0
16931,48.0
16932,974.0
16933,49.0
16934,989.0
16935,615.0
16936,815.0
16937,627.0
16938,498.0
16939,683.0
16940,361.0
16941,924.0
16942,68.0
16943,104.0
16944,405.0
16945,324.0
16946,594.0
16947,251.0
16948,997.0
16949,882.0
16950,989.0
16951,846.0
16952,984.0
16953,924.0
16954,213.0
16955,979.0
16956,166.0
16957,213.0
16958,720.0
16959,974.0
16960,813.0
16961,445.0
16962,984.0
16963,388.0
16964,200.0
16965,104.0
16966,924.0
16967,575.0
16968,213.0
16969,13.0
16970,974.0
16971,570.0
16972,448.0
16973,406.0
16974,984.0
16975,405.0
16976,832.0
16977,256.0
16978,660.0
16979,361.0
16980,891.0
16981,440.0
16982,980.0
16983,251.0
16984,130.0
16985,9.0
16986,566.0
16987,866.0
16988,405.0
16989,41.0
16990,216.0
16991,984.0
16992,9.0
16993,809.0
16994,839.0
16995,917.0
16996,627.0
16997,405.0
16998,213.0
16999,305.0
17000,905.0
17001,913.0
17002,535.0
17003,104.0
17004,569.0
17005,989.0
17006,41.0
17007,208.0
17008,213.0
17009,971.0
17010,315.0
17011,928.0
17012,660.0
17013,392.0
17014,813.0
17015,912.0
17016,177.0
17017,924.0
17018,1.0
17019,125.0
17020,917.0
17021,68.0
17022,971.0
17023,97.0
17024,535.0
17025,832.0
17026,846.0
17027,924.0
17028,984.0
17029,405.0
17030,217.0
17031,127.0
17032,470.0
17033,68.0
17034,562.0
17035,361.0
17036,627.0
17037,559.0
17038,193.0
17039,928.0
17040,495.0
17041,939.0
17042,895.0
17043,27.0
17044,762.0
17045,665.0
17046,917.0
17047,733.0
17048,575.0
17049,120.0
17050,213.0
17051,213.0
17052,921.0
17053,343.0
17054,42.0
17055,445.0
17056,598.0
17057,660.0
17058,318.0
17059,41.0
17060,99.0
17061,543.0
17062,504.0
17063,813.0
17064,216.0
17065,628.0
17066,913.0
17067,812.0
17068,361.0
17069,991.0
17070,812.0
17071,375.0
17072,767.0
17073,495.0
17074,813.0
17075,180.0
17076,317.0
17077,130.0
17078,997.0
17079,909.0
17080,928.0
17081,785.0
17082,213.0
17083,498.0
17084,584.0
17085,296.0
17086,49.0
17087,815.0
17088,811.0
17089,575.0
17090,924.0
17091,553.0
17092,570.0
17093,970.0
17094,353.0
17095,454.0
17096,120.0
17097,891.0
17098,462.0
17099,445.0
17100,49.0
17101,217.0
17102,721.0
17103,813.0
17104,720.0
17105,213.0
17106,445.0
17107,525.0
17108,149.0
17109,946.0
17110,42.0
17111,78.0
17112,839.0
17113,916.0
17114,884.0
17115,815.0
17116,94.0
17117,580.0
17118,909.0
17119,559.0
17120,971.0
17121,627.0
17122,813.0
17123,924.0
17124,559.0
17125,59.0
17126,465.0
17127,620.0
17128,662.0
17129,439.0
17130,713.0
17131,168.0
17132,656.0
17133,49.0
17134,733.0
17135,813.0
17136,13.0
17137,251.0
17138,13.0
17139,168.0
17140,318.0
17141,358.0
17142,305.0
17143,318.0
17144,909.0
17145,318.0
17146,130.0
17147,305.0
17148,984.0
17149,974.0
17150,361.0
17151,213.0
17152,49.0
17153,370.0
17154,495.0
17155,662.0
17156,831.0
17157,813.0
17158,405.0
17159,193.0
17160,445.0
17161,111.0
17162,580.0
17163,559.0
17164,489.0
17165,866.0
17166,50.0
17167,615.0
17168,48.0
17169,803.0
17170,928.0
17171,440.0
17172,946.0
17173,831.0
17174,168.0
17175,314.0
17176,970.0
17177,305.0
17178,352.0
17179,815.0
17180,429.0
17181,405.0
17182,134.0
17183,405.0
17184,813.0
17185,924.0
17186,815.0
17187,324.0
17188,75.0
17189,813.0
17190,813.0
17191,997.0
17192,213.0
17193,317.0
17194,597.0
17195,924.0
17196,575.0
17197,628.0
17198,866.0
17199,580.0
17200,639.0
17201,405.0
17202,317.0
17203,813.0
17204,352.0
17205,974.0
17206,41.0
17207,928.0
17208,130.0
17209,25.0
17210,213.0
17211,305.0
17212,171.0
17213,832.0
17214,809.0
17215,454.0
17216,168.0
17217,917.0
17218,149.0
17219,405.0
17220,30.0
17221,997.0
17222,54.0
17223,909.0
17224,632.0
17225,216.0
17226,497.0
17227,895.0
17228,983.0
17229,200.0
17230,41.0
17231,317.0
17232,213.0
17233,353.0
17234,470.0
17235,997.0
17236,569.0
17237,813.0
17238,839.0
17239,361.0
17240,454.0
17241,913.0
17242,813.0
17243,305.0
17244,213.0
17245,318.0
17246,973.0
17247,59.0
17248,813.0
17249,884.0
17250,130.0
17251,921.0
17252,264.0
17253,946.0
17254,767.0
17255,75.0
17256,127.0
17257,974.0
17258,168.0
17259,160.0
17260,134.0
17261,984.0
17262,375.0
17263,361.0
17264,946.0
17265,406.0
17266,13.0
17267,13.0
17268,354.0
17269,193.0
17270,813.0
17271,213.0
17272,9.0
17273,928.0
17274,884.0
17275,454.0
17276,575.0
17277,916.0
17278,527.0
17279,905.0
17280,905.0
17281,924.0
17282,933.0
17283,917.0
17284,1.0
17285,224.0
17286,597.0
17287,924.0
17288,585.0
17289,213.0
17290,213.0
17291,656.0
17292,771.0
17293,130.0
17294,924.0
17295,402.0
17296,448.0
17297,924.0
17298,813.0
17299,149.0
17300,504.0
17301,13.0
17302,13.0
17303,924.0
17304,813.0
17305,149.0
17306,317.0
17307,924.0
17308,371.0
17309,655.0
17310,984.0
17311,498.0
17312,815.0
17313,977.0
17314,924.0
17315,974.0
17316,575.0
17317,48.0
17318,405.0
17319,388.0
17320,405.0
17321,317.0
17322,448.0
17323,713.0
17324,405.0
17325,138.0
17326,635.0
17327,635.0
17328,168.0
17329,665.0
17330,251.0
17331,767.0
17332,924.0
17333,543.0
17334,445.0
17335,446.0
17336,405.0
17337,884.0
17338,405.0
17339,354.0
17340,916.0
17341,660.0
17342,580.0
17343,660.0
17344,445.0
17345,49.0
17346,180.0
17347,984.0
17348,251.0
17349,916.0
17350,627.0
17351,884.0
17352,130.0
17353,921.0
17354,361.0
17355,984.0
17356,713.0
17357,352.0
17358,470.0
17359,6.0
17360,180.0
17361,352.0
17362,59.0
17363,974.0
17364,445.0
17365,251.0
17366,361.0
17367,866.0
17368,134.0
17369,543.0
17370,405.0
17371,784.0
17372,405.0
17373,9.0
17374,718.0
17375,607.0
17376,405.0
17377,13.0
17378,405.0
17379,917.0
17380,445.0
17381,213.0
17382,262.0
17383,813.0
17384,884.0
17385,767.0
17386,405.0
17387,570.0
17388,75.0
17389,916.0
17390,168.0
17391,677.0
17392,627.0
17393,139.0
17394,813.0
17395,305.0
17396,193.0
17397,274.0
17398,352.0
17399,224.0
17400,921.0
17401,290.0
17402,307.0
17403,984.0
17404,665.0
17405,213.0
17406,325.0
17407,13.0
17408,49.0
17409,405.0
17410,660.0
17411,462.0
17412,575.0
17413,924.0
17414,784.0
17415,969.0
17416,120.0
17417,984.0
17418,974.0
17419,983.0
17420,997.0
17421,909.0
17422,200.0
17423,59.0
17424,580.0
17425,409.0
17426,50.0
17427,16.0
17428,13.0
17429,361.0
17430,75.0
17431,120.0
17432,813.0
17433,361.0
17434,882.0
17435,49.0
17436,239.0
17437,902.0
17438,580.0
17439,935.0
17440,149.0
17441,256.0
17442,125.0
17443,213.0
17444,254.0
17445,737.0
17446,924.0
17447,946.0
17448,8.0
17449,120.0
17450,454.0
17451,213.0
17452,798.0
17453,866.0
17454,979.0
17455,264.0
17456,49.0
17457,59.0
17458,627.0
17459,216.0
17460,319.0
17461,821.0
17462,130.0
17463,725.0
17464,823.0
17465,130.0
17466,553.0
17467,251.0
17468,997.0
17469,330.0
17470,512.0
17471,216.0
17472,168.0
17473,829.0
17474,251.0
17475,213.0
17476,168.0
17477,912.0
17478,917.0
17479,917.0
17480,104.0
17481,924.0
17482,924.0
17483,846.0
17484,405.0
17485,884.0
17486,580.0
17487,54.0
17488,855.0
17489,815.0
17490,130.0
17491,997.0
17492,909.0
17493,970.0
17494,832.0
17495,655.0
17496,569.0
17497,884.0
17498,325.0
17499,468.0
17500,49.0
17501,134.0
17502,213.0
17503,660.0
17504,371.0
17505,779.0
17506,48.0
17507,762.0
17508,352.0
17509,497.0
17510,406.0
17511,405.0
17512,83.0
17513,446.0
17514,917.0
17515,643.0
17516,454.0
17517,368.0
17518,974.0
17519,104.0
17520,59.0
17521,149.0
17522,445.0
17523,213.0
17524,813.0
17525,917.0
17526,517.0
17527,251.0
17528,83.0
17529,176.0
17530,946.0
17531,454.0
17532,815.0
17533,216.0
17534,660.0
17535,266.0
17536,762.0
17537,213.0
17538,13.0
17539,997.0
17540,239.0
17541,974.0
17542,495.0
17543,569.0
17544,305.0
17545,512.0
17546,310.0
17547,917.0
17548,41.0
17549,615.0
17550,877.0
17551,193.0
17552,820.0
17553,168.0
17554,884.0
17555,54.0
17556,815.0
17557,924.0
17558,660.0
17559,684.0
17560,767.0
17561,916.0
17562,361.0
17563,512.0
17564,924.0
17565,762.0
17566,884.0
17567,812.0
17568,454.0
17569,354.0
17570,529.0
17571,924.0
17572,48.0
17573,924.0
17574,251.0
17575,216.0
17576,974.0
17577,120.0
17578,902.0
17579,305.0
17580,575.0
17581,13.0
17582,977.0
17583,445.0
17584,575.0
17585,361.0
17586,474.0
17587,193.0
17588,130.0
17589,130.0
17590,707.0
17591,439.0
17592,575.0
17593,42.0
17594,405.0
17595,627.0
17596,831.0
17597,42.0
17598,909.0
17599,213.0
17600,924.0
17601,580.0
17602,317.0
17603,569.0
17604,997.0
17605,405.0
17606,767.0
17607,813.0
17608,41.0
17609,809.0
17610,909.0
17611,454.0
17612,909.0
17613,465.0
17614,912.0
17615,866.0
17616,585.0
17617,330.0
17618,216.0
17619,1.0
17620,130.0
17621,855.0
17622,813.0
17623,75.0
17624,198.0
17625,557.0
17626,8.0
17627,49.0
17628,120.0
17629,445.0
17630,984.0
17631,813.0
17632,251.0
17633,643.0
17634,733.0
17635,665.0
17636,946.0
17637,454.0
17638,7.0
17639,813.0
17640,660.0
17641,597.0
17642,160.0
17643,213.0
17644,580.0
17645,318.0
17646,720.0
17647,974.0
17648,41.0
17649,50.0
17650,325.0
17651,924.0
17652,213.0
17653,130.0
17654,144.0
17655,655.0
17656,823.0
17657,213.0
17658,168.0
17659,928.0
17660,840.0
17661,924.0
17662,130.0
17663,924.0
17664,130.0
17665,995.0
17666,130.0
17667,597.0
17668,915.0
17669,946.0
17670,813.0
17671,83.0
17672,168.0
17673,813.0
17674,120.0
17675,474.0
17676,912.0
17677,1.0
17678,655.0
17679,324.0
17680,405.0
17681,325.0
17682,406.0
17683,255.0
17684,813.0
17685,305.0
17686,255.0
17687,512.0
17688,213.0
17689,823.0
17690,989.0
17691,662.0
17692,136.0
17693,213.0
17694,41.0
17695,445.0
17696,197.0
17697,974.0
17698,13.0
17699,971.0
17700,200.0
17701,49.0
17702,553.0
17703,559.0
17704,1.0
17705,251.0
17706,813.0
17707,891.0
17708,41.0
17709,779.0
17710,151.0
17711,368.0
17712,798.0
17713,917.0
17714,305.0
17715,183.0
17716,49.0
17717,213.0
17718,177.0
17719,61.0
17720,832.0
17721,586.0
17722,924.0
17723,48.0
17724,609.0
17725,68.0
17726,7.0
17727,512.0
17728,168.0
17729,489.0
17730,50.0
17731,580.0
17732,445.0
17733,13.0
17734,177.0
17735,813.0
17736,361.0
17737,844.0
17738,924.0
17739,928.0
17740,839.0
17741,324.0
17742,307.0
17743,779.0
17744,489.0
17745,846.0
17746,370.0
17747,324.0
17748,130.0
17749,627.0
17750,371.0
17751,50.0
17752,120.0
17753,895.0
17754,946.0
17755,997.0
17756,997.0
17757,979.0
17758,917.0
17759,585.0
17760,884.0
17761,324.0
17762,99.0
17763,846.0
17764,946.0
17765,946.0
17766,584.0
17767,575.0
17768,402.0
17769,149.0
17770,361.0
17771,127.0
17772,368.0
17773,809.0
17774,1.0
17775,660.0
17776,527.0
17777,580.0
17778,149.0
17779,495.0
17780,733.0
17781,264.0
17782,251.0
17783,846.0
17784,325.0
17785,405.0
17786,580.0
17787,924.0
17788,533.0
17789,533.0
17790,688.0
17791,813.0
17792,575.0
17793,812.0
17794,884.0
17795,251.0
17796,660.0
17797,305.0
17798,317.0
17799,660.0
17800,575.0
17801,75.0
17802,391.0
17803,813.0
17804,909.0
17805,97.0
17806,445.0
17807,251.0
17808,798.0
17809,809.0
17810,661.0
17811,909.0
17812,815.0
17813,75.0
17814,905.0
17815,448.0
17816,462.0
17817,130.0
17818,946.0
17819,627.0
17820,49.0
17821,984.0
17822,251.0
17823,266.0
17824,987.0
17825,19.0
17826,489.0
17827,130.0
17828,924.0
17829,48.0
17830,500.0
17831,468.0
17832,779.0
17833,831.0
17834,213.0
17835,245.0
17836,120.0
17837,273.0
17838,620.0
17839,360.0
17840,913.0
17841,358.0
17842,280.0
17843,718.0
17844,891.0
17845,409.0
17846,49.0
17847,160.0
17848,317.0
17849,946.0
17850,813.0
17851,445.0
17852,720.0
17853,616.0
17854,143.0
17855,733.0
17856,753.0
17857,632.0
17858,68.0
17859,884.0
17860,97.0
17861,130.0
17862,361.0
17863,75.0
17864,620.0
17865,251.0
17866,969.0
17867,971.0
17868,607.0
17869,305.0
17870,997.0
17871,130.0
17872,562.0
17873,330.0
17874,970.0
17875,984.0
17876,264.0
17877,50.0
17878,832.0
17879,50.0
17880,50.0
17881,500.0
17882,974.0
17883,979.0
17884,580.0
17885,193.0
17886,891.0
17887,917.0
17888,946.0
17889,656.0
17890,500.0
17891,305.0
17892,924.0
17893,361.0
17894,27.0
17895,200.0
17896,575.0
17897,454.0
17898,627.0
17899,49.0
17900,784.0
17901,917.0
17902,213.0
17903,570.0
17904,149.0
17905,628.0
17906,983.0
17907,974.0
17908,50.0
17909,41.0
17910,921.0
17911,725.0
17912,661.0
17913,535.0
17914,49.0
17915,928.0
17916,405.0
17917,627.0
17918,813.0
17919,120.0
17920,979.0
17921,909.0
17922,325.0
17923,48.0
17924,924.0
17925,924.0
17926,635.0
17927,756.0
17928,559.0
17929,607.0
17930,405.0
17931,149.0
17932,823.0
17933,42.0
17934,839.0
17935,448.0
17936,118.0
17937,130.0
17938,361.0
17939,168.0
17940,59.0
17941,168.0
17942,917.0
17943,974.0
17944,909.0
17945,718.0
17946,127.0
17947,130.0
17948,813.0
17949,213.0
17950,984.0
17951,213.0
17952,946.0
17953,895.0
17954,597.0
17955,317.0
17956,305.0
17957,408.0
17958,149.0
17959,361.0
17960,49.0
17961,370.0
17962,445.0
17963,324.0
17964,405.0
17965,912.0
17966,19.0
17967,912.0
17968,813.0
17969,325.0
17970,832.0
17971,561.0
17972,198.0
17973,897.0
17974,213.0
17975,946.0
17976,371.0
17977,361.0
17978,42.0
17979,325.0
17980,445.0
17981,989.0
17982,974.0
17983,13.0
17984,9.0
17985,891.0
17986,832.0
17987,130.0
17988,213.0
17989,120.0
17990,924.0
17991,984.0
17992,897.0
17993,844.0
17994,130.0
17995,354.0
17996,798.0
17997,912.0
17998,168.0
17999,917.0
18000,890.0
18001,455.0
18002,720.0
18003,917.0
18004,213.0
18005,213.0
18006,585.0
18007,441.0
18008,239.0
18009,59.0
18010,812.0
18011,213.0
18012,974.0
18013,984.0
18014,454.0
18015,59.0
18016,25.0
18017,924.0
18018,997.0
18019,310.0
18020,59.0
18021,445.0
18022,575.0
18023,788.0
18024,618.0
18025,49.0
18026,439.0
18027,846.0
18028,1.0
18029,928.0
18030,798.0
18031,445.0
18032,803.0
18033,533.0
18034,762.0
18035,974.0
18036,823.0
18037,891.0
18038,989.0
18039,866.0
18040,255.0
18041,454.0
18042,213.0
18043,68.0
18044,149.0
18045,262.0
18046,497.0
18047,997.0
18048,273.0
18049,569.0
18050,575.0
18051,392.0
18052,213.0
18053,813.0
18054,361.0
18055,580.0
18056,273.0
18057,317.0
18058,102.0
18059,130.0
18060,36.0
18061,984.0
18062,97.0
18063,266.0
18064,42.0
18065,104.0
18066,130.0
18067,68.0
18068,895.0
18069,756.0
18070,559.0
18071,318.0
18072,9.0
18073,352.0
18074,580.0
18075,916.0
18076,909.0
18077,953.0
18078,970.0
18079,660.0
18080,866.0
18081,684.0
18082,360.0
18083,620.0
18084,76.0
18085,120.0
18086,168.0
18087,446.0
18088,127.0
18089,489.0
18090,307.0
18091,468.0
18092,627.0
18093,99.0
18094,174.0
18095,989.0
18096,984.0
18097,468.0
18098,974.0
18099,891.0
18100,613.0
18101,916.0
18102,264.0
18103,19.0
18104,812.0
18105,839.0
18106,655.0
18107,924.0
18108,94.0
18109,627.0
18110,354.0
18111,213.0
18112,977.0
18113,404.0
18114,924.0
18115,866.0
18116,557.0
18117,813.0
18118,445.0
18119,213.0
18120,13.0
18121,406.0
18122,405.0
18123,251.0
18124,317.0
18125,655.0
18126,200.0
18127,41.0
18128,866.0
18129,49.0
18130,789.0
18131,917.0
18132,168.0
18133,307.0
18134,812.0
18135,909.0
18136,213.0
18137,13.0
18138,213.0
18139,997.0
18140,627.0
18141,489.0
18142,946.0
18143,924.0
18144,41.0
18145,68.0
18146,67.0
18147,13.0
18148,354.0
18149,789.0
18150,974.0
18151,319.0
18152,917.0
18153,75.0
18154,462.0
18155,581.0
18156,251.0
18157,586.0
18158,354.0
18159,924.0
18160,575.0
18161,370.0
18162,149.0
18163,273.0
18164,213.0
18165,197.0
18166,977.0
18167,809.0
18168,67.0
18169,213.0
18170,41.0
18171,13.0
18172,917.0
18173,405.0
18174,353.0
18175,891.0
18176,912.0
18177,25.0
18178,543.0
18179,441.0
18180,136.0
18181,266.0
18182,924.0
18183,984.0
18184,924.0
18185,68.0
18186,405.0
18187,440.0
18188,149.0
18189,392.0
18190,917.0
18191,884.0
18192,180.0
18193,946.0
18194,762.0
18195,813.0
18196,866.0
18197,213.0
18198,497.0
18199,213.0
18200,580.0
18201,813.0
18202,866.0
18203,489.0
18204,974.0
18205,177.0
18206,13.0
18207,917.0
18208,653.0
18209,180.0
18210,971.0
18211,866.0
18212,655.0
18213,130.0
18214,317.0
18215,813.0
18216,325.0
18217,597.0
18218,984.0
18219,429.0
18220,946.0
18221,535.0
18222,909.0
18223,13.0
18224,305.0
18225,733.0
18226,168.0
18227,318.0
18228,139.0
18229,813.0
18230,984.0
18231,718.0
18232,75.0
18233,168.0
18234,984.0
18235,974.0
18236,495.0
18237,468.0
18238,779.0
18239,813.0
18240,213.0
18241,26.0
18242,823.0
18243,575.0
18244,857.0
18245,989.0
18246,361.0
18247,13.0
18248,59.0
18249,909.0
18250,168.0
18251,803.0
18252,138.0
18253,575.0
18254,909.0
18255,315.0
18256,832.0
18257,130.0
18258,216.0
18259,839.0
18260,470.0
18261,970.0
18262,533.0
18263,489.0
18264,68.0
18265,974.0
18266,213.0
18267,138.0
18268,720.0
18269,586.0
18270,41.0
18271,405.0
18272,628.0
18273,997.0
18274,959.0
18275,193.0
18276,318.0
18277,997.0
18278,168.0
18279,512.0
18280,767.0
18281,648.0
18282,960.0
18283,660.0
18284,866.0
18285,445.0
18286,974.0
18287,939.0
18288,655.0
18289,405.0
18290,855.0
18291,361.0
18292,361.0
18293,49.0
18294,580.0
18295,317.0
18296,861.0
18297,924.0
18298,13.0
18299,307.0
18300,9.0
18301,813.0
18302,775.0
18303,767.0
18304,779.0
18305,251.0
18306,361.0
18307,916.0
18308,946.0
18309,130.0
18310,884.0
18311,405.0
18312,559.0
18313,151.0
18314,813.0
18315,405.0
18316,149.0
18317,909.0
18318,575.0
18319,130.0
18320,984.0
18321,627.0
18322,504.0
18323,325.0
18324,97.0
18325,598.0
18326,16.0
18327,127.0
18328,1.0
18329,989.0
18330,213.0
18331,912.0
18332,928.0
18333,917.0
18334,660.0
18335,273.0
18336,688.0
18337,41.0
18338,213.0
18339,104.0
18340,130.0
18341,529.0
18342,139.0
18343,49.0
18344,30.0
18345,213.0
18346,615.0
18347,13.0
18348,839.0
18349,866.0
18350,255.0
18351,762.0
18352,213.0
18353,139.0
18354,924.0
18355,239.0
18356,924.0
18357,213.0
18358,317.0
18359,239.0
18360,891.0
18361,811.0
18362,68.0
18363,183.0
18364,746.0
18365,310.0
18366,130.0
18367,974.0
18368,928.0
18369,354.0
18370,358.0
18371,905.0
18372,989.0
18373,318.0
18374,41.0
18375,13.0
18376,569.0
18377,909.0
18378,216.0
18379,512.0
18380,974.0
18381,111.0
18382,405.0
18383,138.0
18384,454.0
18385,924.0
18386,9.0
18387,158.0
18388,307.0
18389,330.0
18390,917.0
18391,13.0
18392,70.0
18393,94.0
18394,767.0
18395,439.0
18396,291.0
18397,75.0
18398,255.0
18399,946.0
18400,59.0
18401,832.0
18402,50.0
18403,216.0
18404,13.0
18405,924.0
18406,149.0
18407,897.0
18408,193.0
18409,924.0
18410,405.0
18411,909.0
18412,393.0
18413,684.0
18414,829.0
18415,361.0
18416,939.0
18417,50.0
18418,120.0
18419,302.0
18420,580.0
18421,405.0
18422,626.0
18423,989.0
18424,971.0
18425,655.0
18426,75.0
18427,762.0
18428,361.0
18429,718.0
18430,168.0
18431,575.0
18432,273.0
18433,813.0
18434,798.0
18435,983.0
18436,130.0
18437,979.0
18438,445.0
18439,406.0
18440,49.0
18441,49.0
18442,136.0
18443,370.0
18444,580.0
18445,795.0
18446,905.0
18447,292.0
18448,406.0
18449,75.0
18450,361.0
18451,213.0
18452,823.0
18453,317.0
18454,813.0
18455,917.0
18456,891.0
18457,371.0
18458,924.0
18459,213.0
18460,319.0
18461,34.0
18462,584.0
18463,59.0
18464,6.0
18465,740.0
18466,789.0
18467,49.0
18468,1.0
18469,436.0
18470,762.0
18471,974.0
18472,924.0
18473,104.0
18474,49.0
18475,946.0
18476,533.0
18477,984.0
18478,130.0
18479,59.0
18480,208.0
18481,9.0
18482,49.0
18483,352.0
18484,317.0
18485,361.0
18486,361.0
18487,891.0
18488,13.0
18489,855.0
18490,924.0
18491,49.0
18492,200.0
18493,917.0
18494,251.0
18495,909.0
18496,134.0
18497,909.0
18498,882.0
18499,977.0
18500,762.0
18501,213.0
18502,580.0
18503,813.0
18504,48.0
18505,627.0
18506,144.0
18507,48.0
18508,570.0
18509,470.0
18510,94.0
18511,183.0
18512,813.0
18513,407.0
18514,405.0
18515,866.0
18516,580.0
18517,989.0
18518,815.0
18519,601.0
18520,371.0
18521,575.0
18522,839.0
18523,575.0
18524,846.0
18525,454.0
18526,273.0
18527,305.0
18528,361.0
18529,307.0
18530,97.0
18531,632.0
18532,813.0
18533,149.0
18534,660.0
18535,767.0
18536,569.0
18537,356.0
18538,310.0
18539,406.0
18540,585.0
18541,361.0
18542,305.0
18543,94.0
18544,104.0
18545,130.0
18546,251.0
18547,454.0
18548,9.0
18549,361.0
18550,553.0
18551,59.0
18552,405.0
18553,130.0
18554,902.0
18555,820.0
18556,607.0
18557,815.0
18558,909.0
18559,405.0
18560,136.0
18561,762.0
18562,895.0
18563,924.0
18564,662.0
18565,813.0
18566,213.0
18567,9.0
18568,512.0
18569,855.0
18570,855.0
18571,1.0
18572,317.0
18573,130.0
18574,13.0
18575,620.0
18576,984.0
18577,75.0
18578,405.0
18579,984.0
18580,475.0
18581,813.0
18582,798.0
18583,562.0
18584,468.0
18585,997.0
18586,197.0
18587,475.0
18588,570.0
18589,13.0
18590,50.0
18591,566.0
18592,49.0
18593,68.0
18594,924.0
18595,895.0
18596,813.0
18597,13.0
18598,48.0
18599,266.0
18600,660.0
18601,325.0
18602,318.0
18603,59.0
18604,984.0
18605,130.0
18606,928.0
18607,946.0
18608,534.0
18609,13.0
18610,505.0
18611,559.0
18612,213.0
18613,831.0
18614,829.0
18615,48.0
18616,251.0
18617,916.0
18618,251.0
18619,305.0
18620,866.0
18621,559.0
18622,601.0
18623,812.0
18624,813.0
18625,352.0
18626,149.0
18627,809.0
18628,813.0
18629,924.0
18630,575.0
18631,939.0
18632,324.0
18633,54.0
18634,94.0
18635,190.0
18636,49.0
18637,627.0
18638,251.0
18639,49.0
18640,439.0
18641,324.0
18642,217.0
18643,273.0
18644,406.0
18645,468.0
18646,543.0
18647,831.0
18648,733.0
18649,504.0
18650,570.0
18651,405.0
18652,584.0
18653,41.0
18654,455.0
18655,42.0
18656,529.0
18657,928.0
18658,987.0
18659,405.0
18660,273.0
18661,67.0
18662,585.0
18663,575.0
18664,445.0
18665,405.0
18666,393.0
18667,924.0
18668,130.0
18669,75.0
18670,440.0
18671,361.0
18672,49.0
18673,543.0
18674,987.0
18675,909.0
18676,75.0
18677,909.0
18678,909.0
18679,54.0
18680,660.0
18681,928.0
18682,979.0
18683,989.0
18684,363.0
18685,474.0
18686,924.0
18687,470.0
18688,803.0
18689,984.0
18690,454.0
18691,149.0
18692,660.0
18693,13.0
18694,305.0
18695,83.0
18696,149.0
18697,813.0
18698,648.0
18699,798.0
18700,213.0
18701,598.0
18702,213.0
18703,924.0
18704,639.0
18705,984.0
18706,812.0
18707,407.0
18708,213.0
18709,305.0
18710,13.0
18711,163.0
18712,54.0
18713,974.0
18714,371.0
18715,130.0
18716,78.0
18717,584.0
18718,264.0
18719,984.0
18720,660.0
18721,405.0
18722,543.0
18723,946.0
18724,997.0
18725,183.0
18726,405.0
18727,445.0
18728,866.0
18729,866.0
18730,713.0
18731,75.0
18732,83.0
18733,928.0
18734,361.0
18735,130.0
18736,823.0
18737,866.0
18738,813.0
18739,917.0
18740,866.0
18741,9.0
18742,813.0
18743,213.0
18744,370.0
18745,213.0
18746,49.0
18747,104.0
18748,13.0
18749,813.0
18750,308.0
18751,168.0
18752,168.0
18753,102.0
18754,213.0
18755,200.0
18756,393.0
18757,767.0
18758,49.0
18759,468.0
18760,1.0
18761,813.0
18762,997.0
18763,296.0
18764,533.0
18765,213.0
18766,325.0
18767,405.0
18768,305.0
18769,928.0
18770,136.0
18771,200.0
18772,405.0
18773,977.0
18774,909.0
18775,317.0
18776,402.0
18777,643.0
18778,762.0
18779,974.0
18780,361.0
18781,767.0
18782,543.0
18783,839.0
18784,970.0
18785,809.0
18786,213.0
18787,439.0
18788,866.0
18789,813.0
18790,504.0
18791,49.0
18792,405.0
18793,627.0
18794,168.0
18795,756.0
18796,361.0
18797,144.0
18798,325.0
18799,361.0
18800,684.0
18801,575.0
18802,989.0
18803,989.0
18804,866.0
18805,213.0
18806,809.0
18807,118.0
18808,465.0
18809,149.0
18810,569.0
18811,193.0
18812,68.0
18813,343.0
18814,824.0
18815,984.0
18816,213.0
18817,585.0
18818,656.0
18819,251.0
18820,891.0
18821,924.0
18822,13.0
18823,474.0
18824,974.0
18825,49.0
18826,202.0
18827,575.0
18828,50.0
18829,866.0
18830,575.0
18831,989.0
18832,236.0
18833,432.0
18834,48.0
18835,855.0
18836,49.0
18837,512.0
18838,104.0
18839,839.0
18840,660.0
18841,168.0
18842,405.0
18843,909.0
18844,928.0
18845,75.0
18846,13.0
18847,324.0
18848,361.0
18849,352.0
18850,48.0
18851,308.0
18852,59.0
18853,49.0
18854,68.0
18855,721.0
18856,655.0
18857,13.0
18858,831.0
18859,354.0
18860,928.0
18861,118.0
18862,445.0
18863,325.0
18864,179.0
18865,917.0
18866,721.0
18867,49.0
18868,559.0
18869,371.0
18870,126.0
18871,255.0
18872,213.0
18873,832.0
18874,720.0
18875,997.0
18876,149.0
18877,149.0
18878,946.0
18879,305.0
18880,48.0
18881,75.0
18882,970.0
18883,866.0
18884,120.0
18885,866.0
18886,917.0
18887,909.0
18888,575.0
18889,615.0
18890,213.0
18891,50.0
18892,798.0
18893,445.0
18894,935.0
18895,928.0
18896,405.0
18897,239.0
18898,846.0
18899,946.0
18900,627.0
18901,866.0
18902,979.0
18903,997.0
18904,149.0
18905,884.0
18906,193.0
18907,76.0
18908,405.0
18909,213.0
18910,594.0
18911,607.0
18912,813.0
18913,13.0
18914,1.0
18915,924.0
18916,561.0
18917,585.0
18918,361.0
18919,59.0
18920,130.0
18921,54.0
18922,76.0
18923,474.0
18924,997.0
18925,823.0
18926,314.0
18927,50.0
18928,974.0
18929,13.0
18930,977.0
18931,928.0
18932,580.0
18933,902.0
18934,166.0
18935,120.0
18936,41.0
18937,405.0
18938,305.0
18939,1.0
18940,855.0
18941,389.0
18942,909.0
18943,917.0
18944,465.0
18945,733.0
18946,41.0
18947,924.0
18948,635.0
18949,660.0
18950,553.0
18951,928.0
18952,891.0
18953,49.0
18954,213.0
18955,454.0
18956,361.0
18957,916.0
18958,125.0
18959,13.0
18960,49.0
18961,533.0
18962,68.0
18963,317.0
18964,177.0
18965,168.0
18966,984.0
18967,405.0
18968,916.0
18969,897.0
18970,553.0
18971,392.0
18972,273.0
18973,917.0
18974,909.0
18975,59.0
18976,512.0
18977,352.0
18978,989.0
18979,239.0
18980,813.0
18981,559.0
18982,916.0
18983,627.0
18984,213.0
18985,217.0
18986,746.0
18987,50.0
18988,168.0
18989,251.0
18990,30.0
18991,174.0
18992,1.0
18993,984.0
18994,9.0
18995,635.0
18996,99.0
18997,558.0
18998,832.0
18999,559.0
19000,289.0
19001,48.0
19002,1.0
19003,251.0
19004,130.0
19005,924.0
19006,809.0
19007,989.0
19008,779.0
19009,54.0
19010,389.0
19011,41.0
19012,886.0
19013,886.0
19014,75.0
19015,41.0
19016,970.0
19017,803.0
19018,984.0
19019,324.0
19020,823.0
19021,239.0
19022,500.0
19023,104.0
19024,405.0
19025,13.0
19026,317.0
19027,924.0
19028,213.0
19029,916.0
19030,305.0
19031,361.0
19032,974.0
19033,354.0
19034,68.0
19035,921.0
19036,49.0
19037,188.0
19038,239.0
19039,580.0
19040,984.0
19041,832.0
19042,68.0
19043,405.0
19044,832.0
19045,317.0
19046,813.0
19047,474.0
19048,49.0
19049,405.0
19050,144.0
19051,59.0
19052,928.0
19053,213.0
19054,812.0
19055,120.0
19056,104.0
19057,130.0
19058,50.0
19059,305.0
19060,213.0
19061,130.0
19062,905.0
19063,273.0
19064,454.0
19065,504.0
19066,997.0
19067,613.0
19068,891.0
19069,989.0
19070,543.0
19071,130.0
19072,912.0
19073,607.0
19074,49.0
19075,213.0
19076,823.0
19077,688.0
19078,13.0
19079,149.0
19080,130.0
19081,448.0
19082,665.0
19083,489.0
19084,49.0
19085,168.0
19086,832.0
19087,27.0
19088,445.0
19089,928.0
19090,575.0
19091,251.0
19092,13.0
19093,559.0
19094,97.0
19095,406.0
19096,13.0
19097,78.0
19098,324.0
19099,915.0
19100,29.0
19101,41.0
19102,823.0
19103,13.0
19104,916.0
19105,353.0
19106,512.0
19107,361.0
19108,188.0
19109,580.0
19110,120.0
19111,627.0
19112,474.0
19113,48.0
19114,317.0
19115,974.0
19116,632.0
19117,61.0
19118,924.0
19119,193.0
19120,213.0
19121,325.0
19122,916.0
19123,973.0
19124,305.0
19125,559.0
19126,168.0
19127,813.0
19128,597.0
19129,29.0
19130,489.0
19131,361.0
19132,660.0
19133,655.0
19134,891.0
19135,974.0
19136,580.0
19137,756.0
19138,317.0
19139,130.0
19140,405.0
19141,627.0
19142,813.0
19143,924.0
19144,997.0
19145,360.0
19146,429.0
19147,891.0
19148,823.0
19149,318.0
19150,130.0
19151,217.0
19152,580.0
19153,13.0
19154,648.0
19155,120.0
19156,205.0
19157,454.0
19158,130.0
19159,454.0
19160,27.0
19161,9.0
19162,891.0
19163,924.0
19164,361.0
19165,361.0
19166,891.0
19167,569.0
19168,193.0
19169,917.0
19170,909.0
19171,979.0
19172,166.0
19173,712.0
19174,318.0
19175,75.0
19176,924.0
19177,866.0
19178,75.0
19179,489.0
19180,130.0
19181,405.0
19182,813.0
19183,489.0
19184,752.0
19185,586.0
19186,891.0
19187,305.0
19188,193.0
19189,75.0
19190,168.0
19191,42.0
19192,866.0
19193,973.0
19194,405.0
19195,193.0
19196,997.0
19197,317.0
19198,499.0
19199,912.0
19200,245.0
19201,895.0
19202,68.0
19203,789.0
19204,318.0
19205,213.0
19206,149.0
19207,361.0
19208,846.0
19209,200.0
19210,475.0
19211,224.0
19212,871.0
19213,495.0
19214,445.0
19215,1.0
19216,262.0
19217,180.0
19218,440.0
19219,224.0
19220,946.0
19221,946.0
19222,168.0
19223,909.0
19224,70.0
19225,130.0
19226,405.0
19227,75.0
19228,909.0
19229,361.0
19230,917.0
19231,213.0
19232,974.0
19233,68.0
19234,789.0
19235,83.0
19236,305.0
19237,13.0
19238,213.0
19239,632.0
19240,789.0
19241,149.0
19242,54.0
19243,49.0
19244,813.0
19245,13.0
19246,584.0
19247,48.0
19248,193.0
19249,584.0
19250,454.0
19251,566.0
19252,41.0
19253,504.0
19254,839.0
19255,489.0
19256,19.0
19257,470.0
19258,823.0
19259,601.0
19260,866.0
19261,866.0
19262,251.0
19263,917.0
19264,844.0
19265,974.0
19266,928.0
19267,168.0
19268,813.0
19269,803.0
19270,500.0
19271,168.0
19272,213.0
19273,213.0
19274,168.0
19275,130.0
19276,251.0
19277,125.0
19278,474.0
19279,813.0
19280,168.0
19281,446.0
19282,317.0
19283,809.0
19284,813.0
19285,733.0
19286,924.0
19287,168.0
19288,216.0
19289,884.0
19290,813.0
19291,149.0
19292,149.0
19293,363.0
19294,815.0
19295,929.0
19296,1.0
19297,13.0
19298,974.0
19299,264.0
19300,997.0
19301,929.0
19302,575.0
19303,50.0
19304,149.0
19305,384.0
19306,462.0
19307,597.0
19308,498.0
19309,846.0
19310,200.0
19311,924.0
19312,928.0
19313,984.0
19314,559.0
19315,928.0
19316,83.0
19317,489.0
19318,813.0
19319,9.0
19320,130.0
19321,264.0
19322,627.0
19323,256.0
19324,9.0
19325,405.0
19326,575.0
19327,156.0
19328,551.0
19329,909.0
19330,983.0
19331,795.0
19332,660.0
19333,813.0
19334,59.0
19335,946.0
19336,213.0
19337,813.0
19338,660.0
19339,533.0
19340,48.0
19341,462.0
19342,49.0
19343,130.0
19344,635.0
19345,307.0
19346,13.0
19347,795.0
19348,809.0
19349,468.0
19350,6.0
19351,746.0
19352,924.0
19353,50.0
19354,343.0
19355,468.0
19356,946.0
19357,413.0
19358,580.0
19359,580.0
19360,245.0
19361,436.0
19362,354.0
19363,839.0
19364,454.0
19365,660.0
19366,660.0
19367,273.0
19368,166.0
19369,489.0
19370,49.0
19371,497.0
19372,866.0
19373,1.0
19374,183.0
19375,149.0
19376,924.0
19377,581.0
19378,913.0
19379,924.0
19380,720.0
19381,361.0
19382,454.0
19383,909.0
19384,75.0
19385,59.0
19386,39.0
19387,454.0
19388,977.0
19389,733.0
19390,660.0
19391,813.0
19392,454.0
19393,974.0
19394,305.0
19395,213.0
19396,191.0
19397,569.0
19398,846.0
19399,498.0
19400,813.0
19401,208.0
19402,41.0
19403,200.0
19404,224.0
19405,866.0
19406,305.0
19407,909.0
19408,136.0
19409,832.0
19410,489.0
19411,325.0
19412,984.0
19413,130.0
19414,501.0
19415,597.0
19416,13.0
19417,13.0
19418,912.0
19419,405.0
19420,627.0
19421,917.0
19422,762.0
19423,607.0
19424,997.0
19425,997.0
19426,352.0
19427,239.0
19428,104.0
19429,48.0
19430,361.0
19431,6.0
19432,48.0
19433,527.0
19434,917.0
19435,921.0
19436,280.0
19437,846.0
19438,68.0
19439,517.0
19440,251.0
19441,168.0
19442,861.0
19443,905.0
19444,138.0
19445,468.0
19446,239.0
19447,997.0
19448,149.0
19449,325.0
19450,971.0
19451,946.0
19452,176.0
19453,575.0
19454,866.0
19455,176.0
19456,584.0
19457,534.0
19458,436.0
19459,929.0
19460,266.0
19461,891.0
19462,884.0
19463,255.0
19464,224.0
19465,495.0
19466,584.0
19467,213.0
19468,25.0
19469,48.0
19470,928.0
19471,832.0
19472,75.0
19473,149.0
19474,42.0
19475,318.0
19476,405.0
19477,575.0
19478,59.0
19479,408.0
19480,405.0
19481,475.0
19482,193.0
19483,317.0
19484,127.0
19485,960.0
19486,627.0
19487,928.0
19488,405.0
19489,989.0
19490,580.0
19491,970.0
19492,49.0
19493,264.0
19494,94.0
19495,946.0
19496,924.0
19497,939.0
19498,168.0
19499,578.0
19500,706.0
19501,405.0
19502,632.0
19503,623.0
19504,813.0
19505,580.0
19506,352.0
19507,317.0
19508,815.0
19509,660.0
19510,909.0
19511,489.0
19512,829.0
19513,984.0
19514,916.0
19515,251.0
19516,815.0
19517,83.0
19518,586.0
19519,255.0
19520,989.0
19521,924.0
19522,130.0
19523,543.0
19524,813.0
19525,406.0
19526,627.0
19527,352.0
19528,846.0
19529,49.0
19530,891.0
19531,974.0
19532,917.0
19533,891.0
19534,809.0
19535,361.0
19536,59.0
19537,660.0
19538,9.0
19539,756.0
19540,984.0
19541,533.0
19542,75.0
19543,924.0
19544,48.0
19545,68.0
19546,352.0
19547,580.0
19548,273.0
19549,832.0
19550,317.0
19551,305.0
19552,620.0
19553,474.0
19554,454.0
19555,149.0
19556,984.0
19557,255.0
19558,41.0
19559,831.0
19560,846.0
19561,41.0
19562,149.0
19563,813.0
19564,909.0
19565,831.0
19566,251.0
19567,533.0
19568,970.0
19569,997.0
19570,352.0
19571,462.0
19572,41.0
19573,954.0
19574,139.0
19575,29.0
19576,866.0
19577,41.0
19578,188.0
19579,429.0
19580,213.0
19581,813.0
19582,813.0
19583,213.0
19584,307.0
19585,213.0
19586,543.0
19587,445.0
19588,585.0
19589,213.0
19590,559.0
19591,251.0
19592,361.0
19593,1.0
19594,13.0
19595,168.0
19596,41.0
19597,130.0
19598,928.0
19599,318.0
19600,832.0
19601,946.0
19602,798.0
19603,354.0
19604,720.0
19605,104.0
19606,928.0
19607,49.0
19608,895.0
19609,305.0
19610,660.0
19611,559.0
19612,813.0
19613,317.0
19614,639.0
19615,813.0
19616,405.0
19617,405.0
19618,402.0
19619,94.0
19620,213.0
19621,213.0
19622,529.0
19623,130.0
19624,627.0
19625,405.0
19626,305.0
19627,891.0
19628,381.0
19629,926.0
19630,319.0
19631,909.0
19632,924.0
19633,59.0
19634,13.0
19635,974.0
19636,405.0
19637,575.0
19638,213.0
19639,405.0
19640,626.0
19641,895.0
19642,48.0
19643,13.0
19644,866.0
19645,829.0
19646,405.0
19647,429.0
19648,130.0
19649,41.0
19650,884.0
19651,83.0
19652,839.0
19653,813.0
19654,662.0
19655,149.0
19656,586.0
19657,213.0
19658,392.0
19659,75.0
19660,7.0
19661,812.0
19662,200.0
19663,9.0
19664,325.0
19665,916.0
19666,924.0
19667,891.0
19668,354.0
19669,651.0
19670,924.0
19671,42.0
19672,905.0
19673,330.0
19674,239.0
19675,13.0
19676,660.0
19677,627.0
19678,440.0
19679,984.0
19680,928.0
19681,138.0
19682,813.0
19683,354.0
19684,213.0
19685,120.0
19686,213.0
19687,915.0
19688,193.0
19689,54.0
19690,535.0
19691,905.0
19692,405.0
19693,208.0
19694,846.0
19695,75.0
19696,48.0
19697,305.0
19698,601.0
19699,924.0
19700,823.0
19701,197.0
19702,54.0
19703,168.0
19704,318.0
19705,49.0
19706,561.0
19707,305.0
19708,255.0
19709,468.0
19710,454.0
19711,615.0
19712,569.0
19713,59.0
19714,54.0
19715,213.0
19716,41.0
19717,813.0
19718,1.0
19719,8.0
19720,909.0
19721,202.0
19722,305.0
19723,499.0
19724,465.0
19725,392.0
19726,924.0
19727,529.0
19728,585.0
19729,42.0
19730,168.0
19731,9.0
19732,813.0
19733,489.0
19734,54.0
19735,440.0
19736,767.0
19737,352.0
19738,997.0
19739,371.0
19740,974.0
19741,580.0
19742,558.0
19743,984.0
19744,909.0
19745,191.0
19746,436.0
19747,168.0
19748,59.0
19749,251.0
19750,308.0
19751,909.0
19752,370.0
19753,213.0
19754,50.0
19755,913.0
19756,70.0
19757,354.0
19758,75.0
19759,208.0
19760,317.0
19761,139.0
19762,971.0
19763,989.0
19764,97.0
19765,405.0
19766,917.0
19767,294.0
19768,543.0
19769,928.0
19770,49.0
19771,370.0
19772,561.0
19773,803.0
19774,75.0
19775,78.0
19776,405.0
19777,823.0
19778,924.0
19779,448.0
19780,626.0
19781,130.0
19782,839.0
19783,489.0
19784,580.0
19785,553.0
19786,815.0
19787,932.0
19788,143.0
19789,660.0
19790,504.0
19791,969.0
19792,120.0
19793,813.0
19794,882.0
19795,130.0
19796,454.0
19797,120.0
19798,917.0
19799,168.0
19800,917.0
19801,75.0
19802,149.0
19803,405.0
19804,370.0
19805,352.0
19806,391.0
19807,569.0
19808,813.0
19809,179.0
19810,352.0
19811,65.0
19812,917.0
19813,149.0
19814,130.0
19815,405.0
19816,251.0
19817,813.0
19818,905.0
19819,713.0
19820,912.0
19821,862.0
19822,324.0
19823,866.0
19824,354.0
19825,581.0
19826,902.0
19827,305.0
19828,498.0
19829,984.0
19830,891.0
19831,767.0
19832,823.0
19833,971.0
19834,820.0
19835,13.0
19836,839.0
19837,130.0
19838,361.0
19839,216.0
19840,813.0
19841,48.0
19842,1.0
19843,813.0
19844,405.0
19845,839.0
19846,924.0
19847,200.0
19848,127.0
19849,213.0
19850,928.0
19851,912.0
19852,512.0
19853,138.0
19854,120.0
19855,59.0
19856,575.0
19857,213.0
19858,620.0
19859,48.0
19860,916.0
19861,9.0
19862,454.0
19863,597.0
19864,406.0
19865,924.0
19866,391.0
19867,50.0
19868,784.0
19869,9.0
19870,559.0
19871,815.0
19872,497.0
19873,371.0
19874,767.0
19875,13.0
19876,402.0
19877,200.0
19878,343.0
19879,143.0
19880,445.0
19881,8.0
19882,916.0
19883,984.0
19884,974.0
19885,193.0
19886,928.0
19887,594.0
19888,27.0
19889,917.0
19890,139.0
19891,891.0
19892,924.0
19893,213.0
19894,325.0
19895,405.0
19896,352.0
19897,924.0
19898,130.0
19899,59.0
19900,251.0
19901,580.0
19902,912.0
19903,655.0
19904,928.0
19905,441.0
19906,213.0
19907,405.0
19908,997.0
19909,917.0
19910,924.0
19911,13.0
19912,997.0
19913,997.0
19914,445.0
19915,580.0
19916,543.0
19917,813.0
19918,974.0
19919,839.0
19920,143.0
19921,813.0
19922,997.0
19923,834.0
19924,767.0
19925,41.0
19926,425.0
19927,213.0
19928,762.0
19929,49.0
19930,746.0
19931,213.0
19932,195.0
19933,997.0
19934,324.0
19935,971.0
19936,75.0
19937,405.0
19938,330.0
19939,909.0
19940,317.0
19941,13.0
19942,445.0
19943,884.0
19944,928.0
19945,534.0
19946,139.0
19947,130.0
19948,239.0
19949,597.0
19950,305.0
19951,25.0
19952,581.0
19953,832.0
19954,557.0
19955,789.0
19956,213.0
19957,928.0
19958,905.0
19959,718.0
19960,213.0
19961,13.0
19962,406.0
19963,470.0
19964,68.0
19965,213.0
19966,832.0
19967,832.0
19968,846.0
19969,813.0
19970,305.0
19971,130.0
19972,70.0
19973,5.0
19974,392.0
19975,445.0
19976,912.0
19977,405.0
19978,168.0
19979,251.0
19980,924.0
19981,924.0
19982,601.0
19983,939.0
19984,59.0
19985,917.0
19986,130.0
19987,815.0
19988,815.0
19989,50.0
19990,125.0
19991,855.0
19992,405.0
19993,216.0
19994,813.0
19995,939.0
19996,475.0
19997,213.0
19998,200.0
19999,120.0
20000,977.0
20001,68.0
20002,7.0
20003,41.0
20004,138.0
20005,713.0
20006,984.0
20007,454.0
20008,324.0
20009,846.0
20010,236.0
20011,130.0
20012,759.0
20013,970.0
20014,712.0
20015,812.0
20016,924.0
20017,120.0
20018,402.0
20019,406.0
20020,213.0
20021,213.0
20022,41.0
20023,756.0
20024,855.0
20025,407.0
20026,909.0
20027,168.0
20028,527.0
20029,832.0
20030,41.0
20031,13.0
20032,984.0
20033,139.0
20034,361.0
20035,795.0
20036,49.0
20037,49.0
20038,932.0
20039,130.0
20040,273.0
20041,49.0
20042,213.0
20043,149.0
20044,75.0
20045,213.0
20046,639.0
20047,558.0
20048,980.0
20049,529.0
20050,470.0
20051,445.0
20052,721.0
20053,575.0
20054,49.0
20055,575.0
20056,779.0
20057,120.0
20058,65.0
20059,884.0
20060,120.0
20061,361.0
20062,909.0
20063,762.0
20064,381.0
20065,402.0
20066,454.0
20067,308.0
20068,580.0
20069,94.0
20070,989.0
20071,454.0
20072,125.0
20073,580.0
20074,917.0
20075,924.0
20076,391.0
20077,832.0
20078,831.0
20079,41.0
20080,902.0
20081,5.0
20082,575.0
20083,48.0
20084,909.0
20085,41.0
20086,198.0
20087,317.0
20088,924.0
20089,139.0
20090,317.0
20091,166.0
20092,813.0
20093,970.0
20094,305.0
20095,767.0
20096,251.0
20097,974.0
20098,811.0
20099,75.0
20100,318.0
20101,495.0
20102,317.0
20103,798.0
20104,725.0
20105,660.0
20106,375.0
20107,405.0
20108,41.0
20109,928.0
20110,939.0
20111,974.0
20112,882.0
20113,924.0
20114,924.0
20115,989.0
20116,179.0
20117,973.0
20118,569.0
20119,373.0
20120,566.0
20121,405.0
20122,924.0
20123,111.0
20124,325.0
20125,823.0
20126,813.0
20127,504.0
20128,798.0
20129,429.0
20130,168.0
20131,660.0
20132,974.0
20133,213.0
20134,813.0
20135,660.0
20136,130.0
20137,767.0
20138,924.0
20139,559.0
20140,917.0
20141,384.0
20142,361.0
20143,721.0
20144,909.0
20145,866.0
20146,179.0
20147,440.0
20148,445.0
20149,866.0
20150,307.0
20151,924.0
20152,846.0
20153,49.0
20154,928.0
20155,446.0
20156,49.0
20157,813.0
20158,305.0
20159,886.0
20160,75.0
20161,855.0
20162,474.0
20163,928.0
20164,402.0
20165,125.0
20166,905.0
20167,884.0
20168,59.0
20169,353.0
20170,213.0
20171,166.0
20172,660.0
20173,855.0
20174,834.0
20175,370.0
20176,733.0
20177,343.0
20178,580.0
20179,970.0
20180,928.0
20181,454.0
20182,49.0
20183,445.0
20184,928.0
20185,616.0
20186,130.0
20187,318.0
20188,454.0
20189,575.0
20190,454.0
20191,924.0
20192,928.0
20193,68.0
20194,779.0
20195,909.0
20196,720.0
20197,120.0
20198,909.0
20199,136.0
20200,59.0
20201,13.0
20202,168.0
20203,813.0
20204,371.0
20205,213.0
20206,402.0
20207,594.0
20208,721.0
20209,445.0
20210,130.0
20211,635.0
20212,924.0
20213,48.0
20214,361.0
20215,180.0
20216,168.0
20217,917.0
20218,789.0
20219,979.0
20220,49.0
20221,655.0
20222,130.0
20223,307.0
20224,75.0
20225,615.0
20226,213.0
20227,213.0
20228,13.0
20229,813.0
20230,575.0
20231,597.0
20232,213.0
20233,882.0
20234,655.0
20235,997.0
20236,25.0
20237,41.0
20238,168.0
20239,454.0
20240,318.0
20241,255.0
20242,59.0
20243,917.0
20244,130.0
20245,49.0
20246,813.0
20247,905.0
20248,213.0
20249,13.0
20250,68.0
20251,49.0
20252,42.0
20253,216.0
20254,570.0
20255,984.0
20256,41.0
20257,570.0
20258,104.0
20259,788.0
20260,1.0
20261,130.0
20262,347.0
20263,149.0
20264,168.0
20265,308.0
20266,660.0
20267,104.0
20268,361.0
20269,294.0
20270,352.0
20271,49.0
20272,798.0
20273,871.0
20274,405.0
20275,454.0
20276,139.0
20277,969.0
20278,831.0
20279,361.0
20280,251.0
20281,559.0
20282,846.0
20283,111.0
20284,75.0
20285,541.0
20286,405.0
20287,361.0
20288,41.0
20289,862.0
20290,984.0
20291,213.0
20292,779.0
20293,832.0
20294,803.0
20295,75.0
20296,13.0
20297,445.0
20298,568.0
20299,924.0
20300,41.0
20301,921.0
20302,104.0
20303,127.0
20304,180.0
20305,324.0
20306,813.0
20307,213.0
20308,48.0
20309,970.0
20310,813.0
20311,815.0
20312,495.0
20313,405.0
20314,984.0
20315,361.0
20316,713.0
20317,762.0
20318,445.0
20319,844.0
20320,50.0
20321,41.0
20322,627.0
20323,605.0
20324,866.0
20325,997.0
20326,83.0
20327,217.0
20328,866.0
20329,924.0
20330,446.0
20331,660.0
20332,974.0
20333,454.0
20334,213.0
20335,660.0
20336,290.0
20337,756.0
20338,405.0
20339,361.0
20340,866.0
20341,49.0
20342,660.0
20343,495.0
20344,59.0
20345,924.0
20346,891.0
20347,734.0
20348,387.0
20349,59.0
20350,917.0
20351,294.0
20352,9.0
20353,49.0
20354,740.0
20355,909.0
20356,813.0
20357,183.0
20358,939.0
20359,609.0
20360,404.0
20361,677.0
20362,597.0
20363,916.0
20364,543.0
20365,813.0
20366,489.0
20367,813.0
20368,41.0
20369,823.0
20370,130.0
20371,917.0
20372,884.0
20373,855.0
20374,429.0
20375,180.0
20376,1.0
20377,307.0
20378,324.0
20379,909.0
20380,746.0
20381,946.0
20382,49.0
20383,812.0
20384,813.0
20385,803.0
20386,213.0
20387,570.0
20388,130.0
20389,245.0
20390,813.0
20391,891.0
20392,130.0
20393,946.0
20394,562.0
20395,48.0
20396,168.0
20397,866.0
20398,627.0
20399,809.0
20400,866.0
20401,632.0
20402,718.0
20403,512.0
20404,213.0
20405,991.0
20406,130.0
20407,13.0
20408,200.0
20409,50.0
20410,50.0
20411,984.0
20412,535.0
20413,361.0
20414,130.0
20415,660.0
20416,361.0
20417,120.0
20418,251.0
20419,489.0
20420,406.0
20421,120.0
20422,50.0
20423,13.0
20424,104.0
20425,445.0
20426,445.0
20427,166.0
20428,317.0
20429,354.0
20430,405.0
20431,25.0
20432,405.0
20433,917.0
20434,168.0
20435,813.0
20436,660.0
20437,9.0
20438,584.0
20439,974.0
20440,884.0
20441,163.0
20442,216.0
20443,213.0
20444,468.0
20445,13.0
20446,832.0
20447,305.0
20448,213.0
20449,880.0
20450,580.0
20451,527.0
20452,916.0
20453,928.0
20454,895.0
20455,41.0
20456,200.0
20457,361.0
20458,803.0
20459,620.0
20460,317.0
20461,120.0
20462,928.0
20463,130.0
20464,144.0
20465,917.0
20466,533.0
20467,305.0
20468,361.0
20469,924.0
20470,139.0
20471,890.0
20472,94.0
20473,41.0
20474,829.0
20475,871.0
20476,628.0
20477,151.0
20478,149.0
20479,68.0
20480,575.0
20481,813.0
20482,561.0
20483,655.0
20484,351.0
20485,924.0
20486,809.0
20487,924.0
20488,130.0
20489,107.0
20490,924.0
20491,13.0
20492,251.0
20493,406.0
20494,26.0
20495,895.0
20496,866.0
20497,823.0
20498,405.0
20499,713.0
20500,354.0
20501,921.0
20502,454.0
20503,924.0
20504,445.0
20505,352.0
20506,127.0
20507,813.0
20508,405.0
20509,512.0
20510,815.0
20511,866.0
20512,811.0
20513,104.0
20514,273.0
20515,921.0
20516,49.0
20517,104.0
20518,160.0
20519,302.0
20520,924.0
20521,305.0
20522,352.0
20523,151.0
20524,168.0
20525,405.0
20526,213.0
20527,597.0
20528,305.0
20529,974.0
20530,168.0
20531,575.0
20532,884.0
20533,662.0
20534,886.0
20535,177.0
20536,527.0
20537,361.0
20538,405.0
20539,917.0
20540,546.0
20541,916.0
20542,264.0
20543,580.0
20544,213.0
20545,997.0
20546,468.0
20547,813.0
20548,392.0
20549,42.0
20550,831.0
20551,821.0
20552,762.0
20553,895.0
20554,405.0
20555,352.0
20556,788.0
20557,97.0
20558,198.0
20559,720.0
20560,375.0
20561,575.0
20562,125.0
20563,30.0
20564,49.0
20565,168.0
20566,489.0
20567,946.0
20568,921.0
20569,213.0
20570,168.0
20571,924.0
20572,168.0
20573,13.0
20574,317.0
20575,168.0
20576,130.0
20577,13.0
20578,798.0
20579,180.0
20580,193.0
20581,440.0
20582,831.0
20583,812.0
20584,813.0
20585,713.0
20586,149.0
20587,474.0
20588,928.0
20589,310.0
20590,130.0
20591,213.0
20592,785.0
20593,251.0
20594,330.0
20595,13.0
20596,989.0
20597,897.0
20598,557.0
20599,984.0
20600,371.0
20601,665.0
20602,251.0
20603,495.0
20604,543.0
20605,251.0
20606,813.0
20607,499.0
20608,684.0
20609,813.0
20610,213.0
20611,251.0
20612,997.0
20613,660.0
20614,168.0
20615,445.0
20616,361.0
20617,997.0
20618,317.0
20619,811.0
20620,862.0
20621,575.0
20622,917.0
20623,49.0
20624,59.0
20625,917.0
20626,815.0
20627,924.0
20628,495.0
20629,909.0
20630,213.0
20631,684.0
20632,406.0
20633,615.0
20634,273.0
20635,971.0
20636,239.0
20637,660.0
20638,213.0
20639,979.0
20640,803.0
20641,325.0
20642,405.0
20643,813.0
20644,239.0
20645,392.0
20646,974.0
20647,409.0
20648,197.0
20649,926.0
20650,104.0
20651,475.0
20652,862.0
20653,213.0
20654,499.0
20655,83.0
20656,213.0
20657,266.0
20658,49.0
20659,251.0
20660,13.0
20661,909.0
20662,489.0
20663,139.0
20664,902.0
20665,558.0
20666,42.0
20667,463.0
20668,970.0
20669,468.0
20670,891.0
20671,909.0
20672,970.0
20673,454.0
20674,375.0
20675,909.0
20676,512.0
20677,533.0
20678,213.0
20679,352.0
20680,448.0
20681,924.0
20682,655.0
20683,59.0
20684,13.0
20685,924.0
20686,928.0
20687,213.0
20688,813.0
20689,149.0
20690,989.0
20691,371.0
20692,897.0
20693,909.0
20694,325.0
20695,325.0
20696,815.0
20697,255.0
20698,971.0
20699,568.0
20700,130.0
20701,405.0
20702,97.0
20703,688.0
20704,580.0
20705,439.0
20706,915.0
20707,289.0
20708,917.0
20709,78.0
20710,405.0
20711,407.0
20712,9.0
20713,120.0
20714,855.0
20715,130.0
20716,213.0
20717,924.0
20718,989.0
20719,580.0
20720,16.0
20721,48.0
20722,866.0
20723,895.0
20724,213.0
20725,75.0
20726,575.0
20727,445.0
20728,916.0
20729,483.0
20730,454.0
20731,310.0
20732,213.0
20733,264.0
20734,974.0
20735,405.0
20736,913.0
20737,823.0
20738,405.0
20739,68.0
20740,99.0
20741,823.0
20742,325.0
20743,208.0
20744,813.0
20745,405.0
20746,343.0
20747,130.0
20748,130.0
20749,575.0
20750,913.0
20751,527.0
20752,917.0
20753,454.0
20754,979.0
20755,391.0
20756,111.0
20757,905.0
20758,325.0
20759,405.0
20760,607.0
20761,180.0
20762,454.0
20763,627.0
20764,41.0
20765,831.0
20766,813.0
20767,662.0
20768,168.0
20769,762.0
20770,557.0
20771,59.0
20772,917.0
20773,815.0
20774,813.0
20775,924.0
20776,489.0
20777,305.0
20778,352.0
20779,891.0
20780,909.0
20781,909.0
20782,318.0
20783,405.0
20784,654.0
20785,928.0
20786,405.0
20787,462.0
20788,812.0
20789,924.0
20790,928.0
20791,813.0
20792,70.0
20793,924.0
20794,909.0
20795,559.0
20796,305.0
20797,317.0
20798,41.0
20799,330.0
20800,402.0
20801,846.0
20802,168.0
20803,317.0
20804,188.0
20805,997.0
20806,317.0
20807,166.0
20808,559.0
20809,454.0
20810,886.0
20811,413.0
20812,946.0
20813,912.0
20814,821.0
20815,50.0
20816,984.0
20817,660.0
20818,1.0
20819,813.0
20820,39.0
20821,130.0
20822,130.0
20823,251.0
20824,75.0
20825,733.0
20826,928.0
20827,916.0
20828,41.0
20829,815.0
20830,405.0
20831,597.0
20832,370.0
20833,198.0
20834,168.0
20835,884.0
20836,213.0
20837,505.0
20838,49.0
20839,13.0
20840,891.0
20841,330.0
20842,977.0
20843,49.0
20844,812.0
20845,251.0
20846,512.0
20847,512.0
20848,912.0
20849,813.0
20850,946.0
20851,909.0
20852,213.0
20853,902.0
20854,924.0
20855,83.0
20856,820.0
20857,354.0
20858,130.0
20859,13.0
20860,725.0
20861,42.0
20862,660.0
20863,130.0
20864,995.0
20865,891.0
20866,67.0
20867,305.0
20868,939.0
20869,251.0
20870,946.0
20871,912.0
20872,251.0
20873,59.0
20874,118.0
20875,632.0
20876,13.0
20877,405.0
20878,832.0
20879,468.0
20880,168.0
20881,813.0
20882,213.0
20883,213.0
20884,75.0
20885,778.0
20886,813.0
20887,307.0
20888,251.0
20889,789.0
20890,149.0
20891,997.0
20892,627.0
20893,880.0
20894,891.0
20895,213.0
20896,839.0
20897,213.0
20898,445.0
20899,9.0
20900,517.0
20901,317.0
20902,928.0
20903,441.0
20904,495.0
20905,789.0
20906,575.0
20907,446.0
20908,213.0
20909,997.0
20910,924.0
20911,570.0
20912,255.0
20913,324.0
20914,846.0
20915,832.0
20916,823.0
20917,445.0
20918,405.0
20919,25.0
20920,317.0
20921,41.0
20922,251.0
20923,251.0
20924,984.0
20925,445.0
20926,474.0
20927,13.0
20928,59.0
20929,224.0
20930,353.0
20931,553.0
20932,125.0
20933,575.0
20934,660.0
20935,971.0
20936,361.0
20937,909.0
20938,561.0
20939,343.0
20940,928.0
20941,68.0
20942,388.0
20943,789.0
20944,49.0
20945,213.0
20946,139.0
20947,68.0
20948,946.0
20949,324.0
20950,597.0
20951,292.0
20952,909.0
20953,580.0
20954,839.0
20955,139.0
20956,984.0
20957,813.0
20958,660.0
20959,9.0
20960,39.0
20961,846.0
20962,973.0
20963,149.0
20964,130.0
20965,70.0
20966,474.0
20967,924.0
20968,578.0
20969,405.0
20970,305.0
20971,445.0
20972,832.0
20973,354.0
20974,813.0
20975,969.0
20976,361.0
20977,49.0
20978,923.0
20979,655.0
20980,924.0
20981,809.0
20982,495.0
20983,627.0
20984,307.0
20985,866.0
20986,580.0
20987,997.0
20988,897.0
20989,890.0
20990,866.0
20991,325.0
20992,535.0
20993,909.0
20994,168.0
20995,168.0
20996,49.0
20997,946.0
20998,512.0
20999,49.0
21000,120.0
21001,193.0
21002,130.0
21003,149.0
21004,846.0
21005,50.0
21006,580.0
21007,928.0
21008,989.0
21009,468.0
21010,815.0
21011,915.0
21012,317.0
21013,558.0
21014,997.0
21015,361.0
21016,762.0
21017,25.0
21018,465.0
21019,813.0
21020,960.0
21021,924.0
21022,49.0
21023,474.0
21024,832.0
21025,762.0
21026,213.0
21027,440.0
21028,13.0
21029,405.0
21030,120.0
21031,94.0
21032,445.0
21033,325.0
21034,292.0
21035,767.0
21036,102.0
21037,660.0
21038,324.0
21039,168.0
21040,974.0
21041,1.0
21042,915.0
21043,405.0
21044,803.0
21045,928.0
21046,917.0
21047,25.0
21048,60.0
21049,168.0
21050,180.0
21051,120.0
21052,895.0
21053,454.0
21054,660.0
21055,130.0
21056,917.0
21057,405.0
21058,224.0
21059,924.0
21060,94.0
21061,347.0
21062,866.0
21063,974.0
21064,561.0
21065,655.0
21066,445.0
21067,361.0
21068,310.0
21069,49.0
21070,474.0
21071,970.0
21072,512.0
21073,454.0
21074,318.0
21075,917.0
21076,924.0
21077,149.0
21078,307.0
21079,997.0
21080,213.0
21081,361.0
21082,324.0
21083,317.0
21084,628.0
21085,42.0
21086,213.0
21087,909.0
21088,49.0
21089,454.0
21090,913.0
21091,884.0
21092,266.0
21093,924.0
21094,168.0
21095,29.0
21096,884.0
21097,483.0
21098,213.0
21099,959.0
21100,813.0
21101,855.0
21102,49.0
21103,884.0
21104,720.0
21105,720.0
21106,454.0
21107,354.0
21108,989.0
21109,917.0
21110,543.0
21111,713.0
21112,48.0
21113,917.0
21114,213.0
21115,632.0
21116,405.0
21117,78.0
21118,813.0
21119,168.0
21120,917.0
21121,59.0
21122,832.0
21123,405.0
21124,984.0
21125,562.0
21126,905.0
21127,216.0
21128,977.0
21129,251.0
21130,59.0
21131,255.0
21132,83.0
21133,866.0
21134,928.0
21135,48.0
21136,462.0
21137,924.0
21138,305.0
21139,149.0
21140,779.0
21141,974.0
21142,251.0
21143,971.0
21144,305.0
21145,960.0
21146,75.0
21147,767.0
21148,266.0
21149,928.0
21150,924.0
21151,928.0
21152,330.0
21153,325.0
21154,130.0
21155,13.0
21156,839.0
21157,405.0
21158,200.0
21159,149.0
21160,912.0
21161,176.0
21162,59.0
21163,939.0
21164,305.0
21165,984.0
21166,597.0
21167,909.0
21168,915.0
21169,468.0
21170,483.0
21171,632.0
21172,251.0
21173,913.0
21174,584.0
21175,660.0
21176,149.0
21177,939.0
21178,495.0
21179,580.0
21180,916.0
21181,584.0
21182,168.0
21183,48.0
21184,558.0
21185,627.0
21186,251.0
21187,41.0
21188,627.0
21189,924.0
21190,882.0
21191,557.0
21192,325.0
21193,974.0
21194,7.0
21195,361.0
21196,118.0
21197,68.0
21198,474.0
21199,884.0
21200,200.0
21201,130.0
21202,454.0
21203,803.0
21204,305.0
21205,375.0
21206,832.0
21207,405.0
21208,895.0
21209,149.0
21210,543.0
21211,917.0
21212,916.0
21213,928.0
21214,59.0
21215,454.0
21216,917.0
21217,846.0
21218,151.0
21219,213.0
21220,924.0
21221,75.0
21222,317.0
21223,68.0
21224,928.0
21225,961.0
21226,928.0
21227,627.0
21228,317.0
21229,928.0
21230,627.0
21231,489.0
21232,130.0
21233,928.0
21234,813.0
21235,775.0
21236,440.0
21237,529.0
21238,813.0
21239,912.0
21240,533.0
21241,325.0
21242,562.0
21243,392.0
21244,273.0
21245,784.0
21246,924.0
21247,149.0
21248,361.0
21249,183.0
21250,946.0
21251,575.0
21252,48.0
21253,68.0
21254,75.0
21255,149.0
21256,13.0
21257,884.0
21258,839.0
21259,139.0
21260,470.0
21261,318.0
21262,49.0
21263,660.0
21264,661.0
21265,533.0
21266,533.0
21267,483.0
21268,601.0
21269,130.0
21270,213.0
21271,974.0
21272,734.0
21273,60.0
21274,832.0
21275,7.0
21276,48.0
21277,352.0
21278,213.0
21279,180.0
21280,13.0
21281,813.0
21282,512.0
21283,924.0
21284,933.0
21285,361.0
21286,130.0
21287,821.0
21288,319.0
21289,317.0
21290,970.0
21291,371.0
21292,527.0
21293,915.0
21294,813.0
21295,989.0
21296,912.0
21297,318.0
21298,561.0
21299,928.0
21300,969.0
21301,168.0
21302,627.0
21303,68.0
21304,139.0
21305,989.0
21306,580.0
21307,866.0
21308,928.0
21309,49.0
21310,971.0
21311,734.0
21312,946.0
21313,143.0
21314,660.0
21315,130.0
21316,49.0
21317,317.0
21318,48.0
21319,130.0
21320,9.0
21321,193.0
21322,489.0
21323,886.0
21324,997.0
21325,660.0
21326,798.0
21327,75.0
21328,917.0
21329,292.0
21330,183.0
21331,1.0
21332,916.0
21333,886.0
21334,946.0
21335,803.0
21336,41.0
21337,607.0
21338,946.0
21339,149.0
21340,660.0
21341,844.0
21342,815.0
21343,917.0
21344,609.0
21345,866.0
21346,405.0
21347,68.0
21348,149.0
21349,216.0
21350,813.0
21351,474.0
21352,916.0
21353,41.0
21354,9.0
21355,13.0
21356,866.0
21357,866.0
21358,360.0
21359,987.0
21360,601.0
21361,224.0
21362,149.0
21363,535.0
21364,897.0
21365,171.0
21366,463.0
21367,866.0
21368,813.0
21369,997.0
21370,216.0
21371,392.0
21372,917.0
21373,370.0
21374,884.0
21375,391.0
21376,94.0
21377,389.0
21378,454.0
21379,308.0
21380,317.0
21381,928.0
21382,651.0
21383,75.0
21384,924.0
21385,149.0
21386,168.0
21387,997.0
21388,54.0
21389,361.0
21390,575.0
21391,168.0
21392,251.0
21393,897.0
21394,795.0
21395,924.0
21396,193.0
21397,677.0
21398,413.0
21399,756.0
21400,330.0
21401,575.0
21402,974.0
21403,917.0
21404,984.0
21405,884.0
21406,677.0
21407,317.0
21408,559.0
21409,660.0
21410,984.0
21411,193.0
21412,213.0
21413,979.0
21414,213.0
21415,997.0
21416,839.0
21417,500.0
21418,193.0
21419,627.0
21420,974.0
21421,193.0
21422,916.0
21423,928.0
21424,213.0
21425,213.0
21426,917.0
21427,213.0
21428,501.0
21429,895.0
21430,139.0
21431,974.0
21432,884.0
21433,924.0
21434,813.0
21435,13.0
21436,361.0
21437,317.0
21438,928.0
21439,627.0
21440,762.0
21441,974.0
21442,928.0
21443,767.0
21444,946.0
21445,812.0
21446,168.0
21447,59.0
21448,909.0
21449,815.0
21450,217.0
21451,575.0
21452,352.0
21453,120.0
21454,823.0
21455,660.0
21456,815.0
21457,813.0
21458,193.0
21459,445.0
21460,917.0
21461,361.0
21462,361.0
21463,823.0
21464,989.0
21465,465.0
21466,13.0
21467,533.0
21468,330.0
21469,468.0
21470,846.0
21471,75.0
21472,909.0
21473,127.0
21474,857.0
21475,902.0
21476,78.0
21477,245.0
21478,813.0
21479,935.0
21480,917.0
21481,946.0
21482,991.0
21483,392.0
21484,168.0
21485,846.0
21486,921.0
21487,224.0
21488,580.0
21489,107.0
21490,580.0
21491,474.0
21492,352.0
21493,746.0
21494,381.0
21495,445.0
21496,213.0
21497,49.0
21498,809.0
21499,213.0
21500,149.0
21501,803.0
21502,635.0
21503,266.0
21504,120.0
21505,884.0
21506,499.0
21507,440.0
21508,834.0
21509,489.0
21510,866.0
21511,762.0
21512,407.0
21513,862.0
21514,533.0
21515,762.0
21516,586.0
21517,912.0
21518,762.0
21519,909.0
21520,974.0
21521,720.0
21522,635.0
21523,772.0
21524,813.0
21525,213.0
21526,939.0
21527,177.0
21528,448.0
21529,262.0
21530,924.0
21531,251.0
21532,580.0
21533,317.0
21534,294.0
21535,325.0
21536,660.0
21537,495.0
21538,639.0
21539,317.0
21540,533.0
21541,305.0
21542,916.0
21543,924.0
21544,305.0
21545,251.0
21546,13.0
21547,585.0
21548,354.0
21549,534.0
21550,168.0
21551,213.0
21552,454.0
21553,75.0
21554,13.0
21555,402.0
21556,756.0
21557,570.0
21558,720.0
21559,788.0
21560,361.0
21561,939.0
21562,543.0
21563,149.0
21564,168.0
21565,213.0
21566,94.0
21567,102.0
21568,174.0
21569,924.0
21570,891.0
21571,168.0
21572,813.0
21573,13.0
21574,628.0
21575,361.0
21576,361.0
21577,746.0
21578,256.0
21579,405.0
21580,217.0
21581,288.0
21582,655.0
21583,149.0
21584,251.0
21585,361.0
21586,895.0
21587,273.0
21588,984.0
21589,771.0
21590,405.0
21591,388.0
21592,41.0
21593,909.0
21594,468.0
21595,200.0
21596,984.0
21597,915.0
21598,120.0
21599,987.0
21600,660.0
21601,432.0
21602,445.0
21603,213.0
21604,59.0
21605,325.0
21606,890.0
21607,813.0
21608,660.0
21609,809.0
21610,866.0
21611,505.0
21612,361.0
21613,127.0
21614,946.0
21615,924.0
21616,813.0
21617,917.0
21618,738.0
21619,660.0
21620,575.0
21621,139.0
21622,979.0
21623,59.0
21624,474.0
21625,813.0
21626,425.0
21627,924.0
21628,866.0
21629,917.0
21630,9.0
21631,13.0
21632,803.0
21633,628.0
21634,49.0
21635,823.0
21636,662.0
21637,974.0
21638,197.0
21639,392.0
21640,445.0
21641,130.0
21642,213.0
21643,916.0
21644,499.0
21645,180.0
21646,569.0
21647,41.0
21648,264.0
21649,917.0
21650,9.0
21651,979.0
21652,924.0
21653,533.0
21654,168.0
21655,585.0
21656,49.0
21657,213.0
21658,884.0
21659,371.0
21660,795.0
21661,307.0
21662,30.0
21663,213.0
21664,924.0
21665,307.0
21666,68.0
21667,455.0
21668,405.0
21669,445.0
21670,580.0
21671,784.0
21672,330.0
21673,149.0
21674,262.0
21675,42.0
21676,762.0
21677,343.0
21678,49.0
21679,721.0
21680,49.0
21681,139.0
21682,984.0
21683,821.0
21684,358.0
21685,651.0
21686,405.0
21687,866.0
21688,41.0
21689,216.0
21690,569.0
21691,795.0
21692,200.0
21693,75.0
21694,454.0
21695,662.0
21696,798.0
21697,813.0
21698,166.0
21699,361.0
21700,974.0
21701,512.0
21702,924.0
21703,48.0
21704,68.0
21705,924.0
21706,811.0
21707,812.0
21708,139.0
21709,468.0
21710,13.0
21711,916.0
21712,130.0
21713,628.0
21714,762.0
21715,256.0
21716,75.0
21717,266.0
21718,946.0
21719,989.0
21720,924.0
21721,405.0
21722,200.0
21723,720.0
21724,917.0
21725,734.0
21726,216.0
21727,662.0
21728,815.0
21729,41.0
21730,775.0
21731,660.0
21732,813.0
21733,352.0
21734,213.0
21735,924.0
21736,168.0
21737,168.0
21738,111.0
21739,13.0
21740,984.0
21741,216.0
21742,788.0
21743,946.0
21744,989.0
21745,607.0
21746,924.0
21747,42.0
21748,991.0
21749,989.0
21750,713.0
21751,468.0
21752,200.0
21753,198.0
21754,13.0
21755,9.0
21756,905.0
21757,928.0
21758,317.0
21759,462.0
21760,130.0
21761,971.0
21762,813.0
21763,130.0
21764,733.0
21765,280.0
21766,924.0
21767,529.0
21768,713.0
21769,305.0
21770,997.0
21771,213.0
21772,928.0
21773,405.0
21774,553.0
21775,59.0
21776,813.0
21777,928.0
21778,49.0
21779,917.0
21780,813.0
21781,251.0
21782,928.0
21783,946.0
21784,166.0
21785,543.0
21786,823.0
21787,627.0
21788,832.0
21789,318.0
21790,361.0
21791,463.0
21792,785.0
21793,454.0
21794,660.0
21795,829.0
21796,813.0
21797,149.0
21798,361.0
21799,445.0
21800,49.0
21801,585.0
21802,251.0
21803,130.0
21804,305.0
21805,49.0
21806,997.0
21807,721.0
21808,213.0
21809,917.0
21810,305.0
21811,251.0
21812,97.0
21813,213.0
21814,767.0
21815,193.0
21816,601.0
21817,104.0
21818,924.0
21819,130.0
21820,363.0
21821,512.0
21822,251.0
21823,1.0
21824,627.0
21825,49.0
21826,924.0
21827,984.0
21828,405.0
21829,352.0
21830,884.0
21831,19.0
21832,575.0
21833,454.0
21834,924.0
21835,813.0
21836,6.0
21837,168.0
21838,465.0
21839,307.0
21840,997.0
21841,50.0
21842,533.0
21843,489.0
21844,997.0
21845,832.0
21846,125.0
21847,815.0
21848,924.0
21849,149.0
21850,913.0
21851,720.0
21852,149.0
21853,974.0
21854,48.0
21855,541.0
21856,409.0
21857,292.0
21858,49.0
21859,405.0
21860,756.0
21861,405.0
21862,844.0
21863,30.0
21864,955.0
21865,75.0
21866,916.0
21867,436.0
21868,559.0
21869,49.0
21870,13.0
21871,317.0
21872,149.0
21873,855.0
21874,839.0
21875,886.0
21876,120.0
21877,575.0
21878,501.0
21879,445.0
21880,721.0
21881,68.0
21882,90.0
21883,928.0
21884,405.0
21885,465.0
21886,839.0
21887,273.0
21888,168.0
21889,149.0
21890,111.0
21891,795.0
21892,48.0
21893,168.0
21894,305.0
21895,251.0
21896,997.0
21897,168.0
21898,213.0
21899,13.0
21900,273.0
21901,13.0
21902,813.0
21903,318.0
21904,946.0
21905,831.0
21906,465.0
21907,512.0
21908,661.0
21909,846.0
21910,628.0
21911,361.0
21912,13.0
21913,970.0
21914,884.0
21915,324.0
21916,104.0
21917,317.0
21918,130.0
21919,130.0
21920,213.0
21921,455.0
21922,928.0
21923,580.0
21924,570.0
21925,803.0
21926,42.0
21927,813.0
21928,939.0
21929,575.0
21930,130.0
21931,213.0
21932,352.0
21933,924.0
21934,813.0
21935,570.0
21936,846.0
21937,946.0
21938,909.0
21939,580.0
21940,839.0
21941,720.0
21942,405.0
21943,19.0
21944,928.0
21945,712.0
21946,180.0
21947,921.0
21948,166.0
21949,363.0
21950,974.0
21951,798.0
21952,307.0
21953,891.0
21954,407.0
21955,41.0
21956,391.0
21957,909.0
21958,616.0
21959,9.0
21960,405.0
21961,813.0
21962,974.0
21963,59.0
21964,75.0
21965,559.0
21966,213.0
21967,75.0
21968,130.0
21969,149.0
21970,213.0
21971,815.0
21972,405.0
21973,627.0
21974,325.0
21975,168.0
21976,343.0
21977,8.0
21978,405.0
21979,13.0
21980,803.0
21981,823.0
21982,317.0
21983,585.0
21984,924.0
21985,660.0
21986,884.0
21987,68.0
21988,370.0
21989,48.0
21990,570.0
21991,13.0
21992,984.0
21993,317.0
21994,405.0
21995,909.0
21996,251.0
21997,997.0
21998,832.0
21999,924.0
22000,917.0
22001,42.0
22002,405.0
22003,75.0
22004,193.0
22005,512.0
22006,413.0
22007,13.0
22008,70.0
22009,601.0
22010,143.0
22011,813.0
22012,50.0
22013,813.0
22014,454.0
22015,343.0
22016,317.0
22017,970.0
22018,251.0
22019,924.0
22020,866.0
22021,305.0
22022,193.0
22023,897.0
22024,50.0
22025,130.0
22026,489.0
22027,815.0
22028,580.0
22029,946.0
22030,984.0
22031,130.0
22032,130.0
22033,912.0
22034,601.0
22035,468.0
22036,928.0
22037,909.0
22038,813.0
22039,405.0
22040,558.0
22041,120.0
22042,405.0
22043,352.0
22044,499.0
22045,912.0
22046,495.0
22047,54.0
22048,834.0
22049,354.0
22050,559.0
22051,924.0
22052,13.0
22053,997.0
22054,48.0
22055,13.0
22056,974.0
22057,891.0
22058,130.0
22059,662.0
22060,866.0
22061,13.0
22062,468.0
22063,580.0
22064,832.0
22065,197.0
22066,130.0
22067,405.0
22068,767.0
22069,149.0
22070,48.0
22071,803.0
22072,909.0
22073,273.0
22074,660.0
22075,811.0
22076,960.0
22077,454.0
22078,130.0
22079,946.0
22080,558.0
22081,405.0
22082,543.0
22083,9.0
22084,68.0
22085,891.0
22086,580.0
22087,928.0
22088,823.0
22089,917.0
22090,884.0
22091,176.0
22092,41.0
22093,305.0
22094,193.0
22095,886.0
22096,405.0
22097,882.0
22098,266.0
22099,974.0
22100,984.0
22101,130.0
22102,13.0
22103,13.0
22104,149.0
22105,974.0
22106,361.0
22107,989.0
22108,913.0
22109,772.0
22110,601.0
22111,832.0
22112,216.0
22113,756.0
22114,130.0
22115,813.0
22116,559.0
22117,909.0
22118,305.0
22119,974.0
22120,862.0
22121,251.0
22122,13.0
22123,251.0
22124,251.0
22125,324.0
22126,371.0
22127,917.0
22128,49.0
22129,939.0
22130,67.0
22131,767.0
22132,572.0
22133,59.0
22134,995.0
22135,318.0
22136,813.0
22137,953.0
22138,361.0
22139,179.0
22140,392.0
22141,997.0
22142,353.0
22143,970.0
22144,130.0
22145,759.0
22146,924.0
22147,256.0
22148,655.0
22149,368.0
22150,318.0
22151,42.0
22152,405.0
22153,49.0
22154,125.0
22155,917.0
22156,429.0
22157,660.0
22158,665.0
22159,660.0
22160,41.0
22161,928.0
22162,832.0
22163,465.0
22164,762.0
22165,191.0
22166,997.0
22167,371.0
22168,454.0
22169,371.0
22170,946.0
22171,440.0
22172,928.0
22173,239.0
22174,41.0
22175,6.0
22176,580.0
22177,677.0
22178,984.0
22179,767.0
22180,97.0
22181,572.0
22182,361.0
22183,13.0
22184,580.0
22185,75.0
22186,855.0
22187,928.0
22188,639.0
22189,305.0
22190,974.0
22191,462.0
22192,42.0
22193,325.0
22194,489.0
22195,405.0
22196,921.0
22197,543.0
22198,909.0
22199,759.0
22200,559.0
22201,144.0
22202,59.0
22203,997.0
22204,325.0
22205,812.0
22206,325.0
22207,955.0
22208,924.0
22209,559.0
22210,266.0
22211,49.0
22212,924.0
22213,706.0
22214,41.0
22215,6.0
22216,13.0
22217,915.0
22218,445.0
22219,575.0
22220,498.0
22221,50.0
22222,946.0
22223,273.0
22224,813.0
22225,921.0
22226,180.0
22227,193.0
22228,884.0
22229,354.0
22230,67.0
22231,921.0
22232,474.0
22233,330.0
22234,989.0
22235,656.0
22236,813.0
22237,939.0
22238,924.0
22239,902.0
22240,909.0
22241,361.0
22242,813.0
22243,815.0
22244,832.0
22245,654.0
22246,813.0
22247,916.0
22248,61.0
22249,580.0
22250,317.0
22251,831.0
22252,813.0
22253,324.0
22254,198.0
22255,256.0
22256,68.0
22257,795.0
22258,813.0
22259,891.0
22260,151.0
22261,13.0
22262,317.0
22263,413.0
22264,75.0
22265,974.0
22266,13.0
22267,354.0
22268,601.0
22269,924.0
22270,13.0
22271,557.0
22272,609.0
22273,264.0
22274,915.0
22275,970.0
22276,352.0
22277,9.0
22278,559.0
22279,924.0
22280,251.0
22281,445.0
22282,997.0
22283,987.0
22284,489.0
22285,166.0
22286,371.0
22287,979.0
22288,979.0
22289,886.0
22290,50.0
22291,183.0
22292,102.0
22293,977.0
22294,307.0
22295,330.0
22296,251.0
22297,924.0
22298,512.0
22299,660.0
22300,913.0
22301,920.0
22302,255.0
22303,13.0
22304,436.0
22305,756.0
22306,454.0
22307,839.0
22308,65.0
22309,813.0
22310,678.0
22311,924.0
22312,446.0
22313,866.0
22314,445.0
22315,721.0
22316,120.0
22317,405.0
22318,255.0
22319,255.0
22320,746.0
22321,454.0
22322,251.0
22323,917.0
22324,13.0
22325,559.0
22326,305.0
22327,884.0
22328,720.0
22329,527.0
22330,946.0
22331,713.0
22332,255.0
22333,905.0
22334,627.0
22335,193.0
22336,541.0
22337,255.0
22338,67.0
22339,213.0
22340,580.0
22341,36.0
22342,891.0
22343,455.0
22344,585.0
22345,213.0
22346,953.0
22347,361.0
22348,813.0
22349,13.0
22350,49.0
22351,83.0
22352,489.0
22353,916.0
22354,846.0
22355,660.0
22356,361.0
22357,440.0
22358,307.0
22359,884.0
22360,813.0
22361,924.0
22362,831.0
22363,759.0
22364,912.0
22365,120.0
22366,274.0
22367,1.0
22368,361.0
22369,813.0
22370,13.0
22371,917.0
22372,213.0
22373,527.0
22374,9.0
22375,939.0
22376,717.0
22377,713.0
22378,575.0
22379,405.0
22380,924.0
22381,832.0
22382,94.0
22383,977.0
22384,224.0
22385,168.0
22386,813.0
22387,391.0
22388,575.0
22389,317.0
22390,470.0
22391,347.0
22392,632.0
22393,974.0
22394,59.0
22395,405.0
22396,946.0
22397,535.0
22398,13.0
22399,48.0
22400,813.0
22401,997.0
22402,909.0
22403,917.0
22404,474.0
22405,125.0
22406,559.0
22407,168.0
22408,317.0
22409,251.0
22410,325.0
22411,948.0
22412,200.0
22413,866.0
22414,68.0
22415,489.0
22416,977.0
22417,41.0
22418,527.0
22419,601.0
22420,97.0
22421,440.0
22422,292.0
22423,42.0
22424,997.0
22425,193.0
22426,474.0
22427,813.0
22428,445.0
22429,997.0
22430,924.0
22431,49.0
22432,75.0
22433,213.0
22434,660.0
22435,823.0
22436,846.0
22437,49.0
22438,168.0
22439,213.0
22440,961.0
22441,772.0
22442,49.0
22443,78.0
22444,59.0
22445,352.0
22446,924.0
22447,213.0
22448,767.0
22449,580.0
22450,139.0
22451,569.0
22452,130.0
22453,130.0
22454,884.0
22455,138.0
22456,213.0
22457,409.0
22458,813.0
22459,180.0
22460,75.0
22461,361.0
22462,570.0
22463,302.0
22464,391.0
22465,251.0
22466,627.0
22467,49.0
22468,677.0
22469,913.0
22470,115.0
22471,50.0
22472,130.0
22473,213.0
22474,213.0
22475,213.0
22476,721.0
22477,168.0
22478,884.0
22479,924.0
22480,392.0
22481,969.0
22482,19.0
22483,597.0
22484,363.0
22485,454.0
22486,713.0
22487,789.0
22488,928.0
22489,905.0
22490,149.0
22491,997.0
22492,202.0
22493,273.0
22494,861.0
22495,586.0
22496,425.0
22497,445.0
22498,168.0
22499,884.0
22500,512.0
22501,823.0
22502,601.0
22503,104.0
22504,733.0
22505,213.0
22506,330.0
22507,580.0
22508,130.0
22509,909.0
22510,251.0
22511,946.0
22512,924.0
22513,48.0
22514,13.0
22515,823.0
22516,512.0
22517,30.0
22518,373.0
22519,823.0
22520,134.0
22521,832.0
22522,553.0
22523,813.0
22524,179.0
22525,405.0
22526,213.0
22527,543.0
22528,627.0
22529,984.0
22530,721.0
22531,534.0
22532,756.0
22533,168.0
22534,361.0
22535,831.0
22536,213.0
22537,866.0
22538,168.0
22539,553.0
22540,388.0
22541,273.0
22542,104.0
22543,49.0
22544,405.0
22545,928.0
22546,559.0
22547,884.0
22548,361.0
22549,317.0
22550,41.0
22551,405.0
22552,909.0
22553,310.0
22554,924.0
22555,149.0
22556,905.0
22557,813.0
22558,746.0
22559,68.0
22560,405.0
22561,361.0
22562,445.0
22563,821.0
22564,928.0
22565,470.0
22566,305.0
22567,405.0
22568,767.0
22569,405.0
22570,99.0
22571,866.0
22572,946.0
22573,897.0
22574,474.0
22575,317.0
22576,997.0
22577,821.0
22578,656.0
22579,361.0
22580,94.0
22581,391.0
22582,78.0
22583,317.0
22584,580.0
22585,305.0
22586,905.0
22587,848.0
22588,843.0
22589,60.0
22590,1.0
22591,97.0
22592,846.0
22593,168.0
22594,41.0
22595,866.0
22596,974.0
22597,909.0
22598,877.0
22599,789.0
22600,325.0
22601,13.0
22602,909.0
22603,213.0
22604,213.0
22605,310.0
22606,454.0
22607,917.0
22608,946.0
22609,997.0
22610,468.0
22611,151.0
22612,559.0
22613,924.0
22614,445.0
22615,470.0
22616,149.0
22617,913.0
22618,813.0
22619,445.0
22620,997.0
22621,391.0
22622,505.0
22623,361.0
22624,969.0
22625,290.0
22626,917.0
22627,997.0
22628,130.0
22629,813.0
22630,575.0
22631,598.0
22632,130.0
22633,120.0
22634,50.0
22635,1.0
22636,130.0
22637,909.0
22638,855.0
22639,752.0
22640,813.0
22641,585.0
22642,909.0
22643,134.0
22644,916.0
22645,75.0
22646,371.0
22647,213.0
22648,831.0
22649,296.0
22650,1.0
22651,815.0
22652,924.0
22653,174.0
22654,997.0
22655,310.0
22656,823.0
22657,49.0
22658,897.0
22659,997.0
22660,48.0
22661,139.0
22662,120.0
22663,49.0
22664,627.0
22665,495.0
22666,928.0
22667,987.0
22668,307.0
22669,48.0
22670,94.0
22671,361.0
22672,49.0
22673,839.0
22674,130.0
22675,543.0
22676,997.0
22677,13.0
22678,352.0
22679,305.0
22680,213.0
22681,559.0
22682,527.0
22683,813.0
22684,127.0
22685,924.0
22686,13.0
22687,213.0
22688,580.0
22689,809.0
22690,120.0
22691,213.0
22692,585.0
22693,813.0
22694,130.0
22695,489.0
22696,70.0
22697,213.0
22698,59.0
22699,255.0
22700,6.0
22701,558.0
22702,448.0
22703,330.0
22704,94.0
22705,580.0
22706,917.0
22707,318.0
22708,866.0
22709,363.0
22710,446.0
22711,363.0
22712,891.0
22713,762.0
22714,551.0
22715,543.0
22716,151.0
22717,29.0
22718,924.0
22719,149.0
22720,75.0
22721,255.0
22722,19.0
22723,803.0
22724,779.0
22725,813.0
22726,440.0
22727,127.0
22728,575.0
22729,897.0
22730,917.0
22731,541.0
22732,1.0
22733,273.0
22734,251.0
22735,891.0
22736,251.0
22737,191.0
22738,168.0
22739,746.0
22740,660.0
22741,125.0
22742,475.0
22743,813.0
22744,448.0
22745,436.0
22746,343.0
22747,613.0
22748,462.0
22749,551.0
22750,354.0
22751,831.0
22752,440.0
22753,628.0
22754,909.0
22755,655.0
22756,813.0
22757,13.0
22758,42.0
22759,891.0
22760,343.0
22761,317.0
22762,251.0
22763,213.0
22764,917.0
22765,984.0
22766,813.0
22767,343.0
22768,97.0
22769,570.0
22770,897.0
22771,405.0
22772,251.0
22773,553.0
22774,251.0
22775,917.0
22776,13.0
22777,305.0
22778,83.0
22779,489.0
22780,36.0
22781,130.0
22782,352.0
22783,361.0
22784,767.0
22785,627.0
22786,961.0
22787,193.0
22788,149.0
22789,352.0
22790,308.0
22791,125.0
22792,41.0
22793,130.0
22794,130.0
22795,924.0
22796,575.0
22797,30.0
22798,149.0
22799,213.0
22800,648.0
22801,439.0
22802,239.0
22803,361.0
22804,462.0
22805,168.0
22806,445.0
22807,317.0
22808,832.0
22809,921.0
22810,933.0
22811,149.0
22812,926.0
22813,880.0
22814,13.0
22815,884.0
22816,193.0
22817,815.0
22818,273.0
22819,939.0
22820,974.0
22821,470.0
22822,97.0
22823,266.0
22824,569.0
22825,168.0
22826,917.0
22827,839.0
22828,168.0
22829,512.0
22830,125.0
22831,213.0
22832,130.0
22833,970.0
22834,130.0
22835,811.0
22836,562.0
22837,974.0
22838,13.0
22839,213.0
22840,762.0
22841,562.0
22842,924.0
22843,59.0
22844,130.0
22845,946.0
22846,970.0
22847,317.0
22848,292.0
22849,319.0
22850,813.0
22851,984.0
22852,324.0
22853,406.0
22854,720.0
22855,597.0
22856,505.0
22857,48.0
22858,529.0
22859,924.0
22860,569.0
22861,813.0
22862,575.0
22863,615.0
22864,361.0
22865,989.0
22866,562.0
22867,974.0
22868,264.0
22869,909.0
22870,660.0
22871,660.0
22872,661.0
22873,102.0
22874,13.0
22875,310.0
22876,361.0
22877,405.0
22878,895.0
22879,997.0
22880,168.0
22881,41.0
22882,580.0
22883,684.0
22884,974.0
22885,984.0
22886,168.0
22887,495.0
22888,468.0
22889,720.0
22890,198.0
22891,891.0
22892,34.0
22893,13.0
22894,712.0
22895,813.0
22896,928.0
22897,651.0
22898,111.0
22899,989.0
22900,832.0
22901,402.0
22902,597.0
22903,989.0
22904,762.0
22905,440.0
22906,361.0
22907,575.0
22908,997.0
22909,527.0
22910,151.0
22911,130.0
22912,932.0
22913,597.0
22914,127.0
22915,813.0
22916,895.0
22917,405.0
22918,974.0
22919,712.0
22920,325.0
22921,393.0
22922,120.0
22923,352.0
22924,305.0
22925,928.0
22926,59.0
22927,928.0
22928,445.0
22929,317.0
22930,59.0
22931,324.0
22932,928.0
22933,49.0
22934,997.0
22935,59.0
22936,655.0
22937,13.0
22938,136.0
22939,553.0
22940,104.0
22941,512.0
22942,305.0
22943,475.0
22944,251.0
22945,130.0
22946,626.0
22947,924.0
22948,632.0
22949,158.0
22950,213.0
22951,527.0
22952,997.0
22953,191.0
22954,138.0
22955,475.0
22956,324.0
22957,50.0
22958,561.0
22959,375.0
22960,361.0
22961,343.0
22962,361.0
22963,361.0
22964,104.0
22965,813.0
22966,213.0
22967,13.0
22968,855.0
22969,13.0
22970,846.0
22971,855.0
22972,767.0
22973,660.0
22974,364.0
22975,813.0
22976,139.0
22977,924.0
22978,305.0
22979,924.0
22980,568.0
22981,512.0
22982,767.0
22983,516.0
22984,49.0
22985,913.0
22986,977.0
22987,120.0
22988,130.0
22989,353.0
22990,13.0
22991,454.0
22992,405.0
22993,70.0
22994,239.0
22995,266.0
22996,789.0
22997,917.0
22998,821.0
22999,1.0
23000,49.0
23001,960.0
23002,891.0
23003,405.0
23004,454.0
23005,916.0
23006,149.0
23007,580.0
23008,59.0
23009,168.0
23010,813.0
23011,924.0
23012,317.0
23013,917.0
23014,627.0
23015,989.0
23016,917.0
23017,42.0
23018,440.0
23019,200.0
23020,168.0
23021,613.0
23022,406.0
23023,580.0
23024,330.0
23025,917.0
23026,897.0
23027,361.0
23028,561.0
23029,924.0
23030,168.0
23031,251.0
23032,13.0
23033,813.0
23034,324.0
23035,405.0
23036,970.0
23037,325.0
23038,352.0
23039,912.0
23040,924.0
23041,48.0
23042,594.0
23043,597.0
23044,895.0
23045,104.0
23046,39.0
23047,535.0
23048,916.0
23049,139.0
23050,915.0
23051,439.0
23052,59.0
23053,529.0
23054,120.0
23055,49.0
23056,149.0
23057,974.0
23058,130.0
23059,924.0
23060,361.0
23061,50.0
23062,928.0
23063,798.0
23064,984.0
23065,785.0
23066,627.0
23067,866.0
23068,120.0
23069,49.0
23070,795.0
23071,909.0
23072,924.0
23073,917.0
23074,216.0
23075,168.0
23076,49.0
23077,405.0
23078,662.0
23079,997.0
23080,970.0
23081,977.0
23082,361.0
23083,392.0
23084,29.0
23085,120.0
23086,866.0
23087,632.0
23088,111.0
23089,984.0
23090,924.0
23091,70.0
23092,565.0
23093,104.0
23094,665.0
23095,929.0
23096,832.0
23097,924.0
23098,130.0
23099,138.0
23100,823.0
23101,136.0
23102,597.0
23103,50.0
23104,543.0
23105,120.0
23106,575.0
23107,49.0
23108,924.0
23109,324.0
23110,213.0
23111,660.0
23112,465.0
23113,569.0
23114,815.0
23115,527.0
23116,660.0
23117,439.0
23118,54.0
23119,305.0
23120,884.0
23121,318.0
23122,570.0
23123,495.0
23124,661.0
23125,305.0
23126,846.0
23127,49.0
23128,928.0
23129,823.0
23130,917.0
23131,425.0
23132,762.0
23133,171.0
23134,251.0
23135,454.0
23136,180.0
23137,779.0
23138,809.0
23139,371.0
23140,789.0
23141,720.0
23142,8.0
23143,1.0
23144,54.0
23145,48.0
23146,266.0
23147,917.0
23148,68.0
23149,49.0
23150,884.0
23151,891.0
23152,406.0
23153,813.0
23154,924.0
23155,27.0
23156,970.0
23157,916.0
23158,307.0
23159,94.0
23160,325.0
23161,213.0
23162,813.0
23163,75.0
23164,746.0
23165,127.0
23166,813.0
23167,779.0
23168,756.0
23169,213.0
23170,251.0
23171,909.0
23172,49.0
23173,358.0
23174,255.0
23175,247.0
23176,762.0
23177,251.0
23178,997.0
23179,823.0
23180,318.0
23181,445.0
23182,756.0
23183,813.0
23184,149.0
23185,127.0
23186,725.0
23187,168.0
23188,445.0
23189,924.0
23190,354.0
23191,607.0
23192,651.0
23193,130.0
23194,897.0
23195,264.0
23196,48.0
23197,886.0
23198,177.0
23199,831.0
23200,130.0
23201,926.0
23202,997.0
23203,94.0
23204,41.0
23205,616.0
23206,59.0
23207,305.0
23208,454.0
23209,720.0
23210,597.0
23211,104.0
23212,946.0
23213,36.0
23214,924.0
23215,917.0
23216,886.0
23217,813.0
23218,9.0
23219,251.0
23220,928.0
23221,832.0
23222,49.0
23223,325.0
23224,405.0
23225,924.0
23226,6.0
23227,391.0
23228,866.0
23229,68.0
23230,324.0
23231,138.0
23232,149.0
23233,946.0
23234,361.0
23235,213.0
23236,13.0
23237,41.0
23238,871.0
23239,983.0
23240,665.0
23241,997.0
23242,970.0
23243,445.0
23244,361.0
23245,317.0
23246,813.0
23247,570.0
23248,310.0
23249,68.0
23250,149.0
23251,264.0
23252,125.0
23253,815.0
23254,104.0
23255,445.0
23256,720.0
23257,343.0
23258,41.0
23259,581.0
23260,558.0
23261,371.0
23262,402.0
23263,884.0
23264,974.0
23265,627.0
23266,305.0
23267,812.0
23268,213.0
23269,202.0
23270,586.0
23271,41.0
23272,615.0
23273,120.0
23274,68.0
23275,660.0
23276,59.0
23277,884.0
23278,909.0
23279,273.0
23280,255.0
23281,351.0
23282,144.0
23283,13.0
23284,984.0
23285,924.0
23286,997.0
23287,917.0
23288,912.0
23289,324.0
23290,811.0
23291,251.0
23292,632.0
23293,224.0
23294,149.0
23295,49.0
23296,75.0
23297,991.0
23298,251.0
23299,49.0
23300,49.0
23301,317.0
23302,897.0
23303,535.0
23304,905.0
23305,541.0
23306,909.0
23307,627.0
23308,559.0
23309,984.0
23310,29.0
23311,660.0
23312,130.0
23313,49.0
23314,909.0
23315,183.0
23316,149.0
23317,354.0
23318,946.0
23319,643.0
23320,495.0
23321,273.0
23322,405.0
23323,970.0
23324,832.0
23325,445.0
23326,584.0
23327,974.0
23328,75.0
23329,405.0
23330,13.0
23331,813.0
23332,104.0
23333,213.0
23334,917.0
23335,49.0
23336,974.0
23337,946.0
23338,660.0
23339,884.0
23340,68.0
23341,361.0
23342,49.0
23343,454.0
23344,813.0
23345,762.0
23346,662.0
23347,813.0
23348,149.0
23349,678.0
23350,639.0
23351,75.0
23352,125.0
23353,813.0
23354,580.0
23355,946.0
23356,352.0
23357,149.0
23358,168.0
23359,661.0
23360,149.0
23361,70.0
23362,813.0
23363,310.0
23364,125.0
23365,406.0
23366,130.0
23367,251.0
23368,213.0
23369,59.0
23370,846.0
23371,866.0
23372,989.0
23373,971.0
23374,9.0
23375,575.0
23376,977.0
23377,917.0
23378,305.0
23379,905.0
23380,325.0
23381,924.0
23382,373.0
23383,120.0
23384,9.0
23385,470.0
23386,924.0
23387,168.0
23388,558.0
23389,997.0
23390,111.0
23391,213.0
23392,989.0
23393,902.0
23394,130.0
23395,193.0
23396,217.0
23397,628.0
23398,352.0
23399,917.0
23400,586.0
23401,347.0
23402,928.0
23403,49.0
23404,508.0
23405,454.0
23406,891.0
23407,813.0
23408,813.0
23409,352.0
23410,127.0
23411,305.0
23412,813.0
23413,54.0
23414,831.0
23415,846.0
23416,639.0
23417,823.0
23418,891.0
23419,811.0
23420,989.0
23421,946.0
23422,104.0
23423,924.0
23424,946.0
23425,13.0
23426,912.0
23427,866.0
23428,989.0
23429,784.0
23430,60.0
23431,815.0
23432,924.0
23433,49.0
23434,273.0
23435,70.0
23436,924.0
23437,213.0
23438,924.0
23439,41.0
23440,916.0
23441,569.0
23442,559.0
23443,585.0
23444,49.0
23445,94.0
23446,439.0
23447,213.0
23448,639.0
23449,13.0
23450,49.0
23451,924.0
23452,921.0
23453,168.0
23454,924.0
23455,575.0
23456,149.0
23457,866.0
23458,370.0
23459,905.0
23460,924.0
23461,762.0
23462,924.0
23463,815.0
23464,216.0
23465,803.0
23466,501.0
23467,405.0
23468,325.0
23469,660.0
23470,917.0
23471,75.0
23472,197.0
23473,60.0
23474,855.0
23475,960.0
23476,253.0
23477,924.0
23478,168.0
23479,989.0
23480,895.0
23481,180.0
23482,361.0
23483,984.0
23484,255.0
23485,809.0
23486,213.0
23487,429.0
23488,924.0
23489,855.0
23490,361.0
23491,68.0
23492,767.0
23493,866.0
23494,294.0
23495,839.0
23496,928.0
23497,916.0
23498,255.0
23499,546.0
23500,812.0
23501,266.0
23502,813.0
23503,41.0
23504,846.0
23505,127.0
23506,19.0
23507,785.0
23508,569.0
23509,928.0
23510,984.0
23511,815.0
23512,917.0
23513,767.0
23514,213.0
23515,149.0
23516,970.0
23517,120.0
23518,974.0
23519,917.0
23520,139.0
23521,343.0
23522,59.0
23523,928.0
23524,909.0
23525,253.0
23526,970.0
23527,767.0
23528,569.0
23529,59.0
23530,1.0
23531,740.0
23532,924.0
23533,111.0
23534,405.0
23535,974.0
23536,307.0
23537,130.0
23538,740.0
23539,580.0
23540,363.0
23541,213.0
23542,13.0
23543,886.0
23544,733.0
23545,916.0
23546,213.0
23547,49.0
23548,902.0
23549,970.0
23550,49.0
23551,310.0
23552,813.0
23553,813.0
23554,200.0
23555,54.0
23556,855.0
23557,168.0
23558,924.0
23559,627.0
23560,139.0
23561,635.0
23562,405.0
23563,559.0
23564,946.0
23565,921.0
23566,499.0
23567,895.0
23568,813.0
23569,49.0
23570,575.0
23571,917.0
23572,307.0
23573,926.0
23574,762.0
23575,405.0
23576,627.0
23577,324.0
23578,660.0
23579,358.0
23580,746.0
23581,441.0
23582,305.0
23583,130.0
23584,812.0
23585,48.0
23586,813.0
23587,217.0
23588,928.0
23589,924.0
23590,325.0
23591,866.0
23592,50.0
23593,318.0
23594,83.0
23595,130.0
23596,979.0
23597,575.0
23598,213.0
23599,168.0
23600,660.0
23601,405.0
23602,305.0
23603,41.0
23604,75.0
23605,352.0
23606,974.0
23607,597.0
23608,255.0
23609,370.0
23610,627.0
23611,997.0
23612,13.0
23613,909.0
23614,720.0
23615,324.0
23616,317.0
23617,921.0
23618,924.0
23619,50.0
23620,495.0
23621,1.0
23622,615.0
23623,974.0
23624,924.0
23625,997.0
23626,149.0
23627,884.0
23628,813.0
23629,68.0
23630,809.0
23631,41.0
23632,570.0
23633,13.0
23634,924.0
23635,660.0
23636,384.0
23637,405.0
23638,917.0
23639,909.0
23640,354.0
23641,213.0
23642,216.0
23643,628.0
23644,846.0
23645,305.0
23646,474.0
23647,213.0
23648,813.0
23649,13.0
23650,924.0
23651,39.0
23652,924.0
23653,823.0
23654,198.0
23655,584.0
23656,884.0
23657,317.0
23658,762.0
23659,939.0
23660,474.0
23661,384.0
23662,317.0
23663,48.0
23664,832.0
23665,557.0
23666,213.0
23667,597.0
23668,605.0
23669,13.0
23670,143.0
23671,861.0
23672,823.0
23673,251.0
23674,361.0
23675,720.0
23676,746.0
23677,848.0
23678,707.0
23679,9.0
23680,13.0
23681,318.0
23682,13.0
23683,946.0
23684,352.0
23685,846.0
23686,767.0
23687,68.0
23688,368.0
23689,946.0
23690,371.0
23691,924.0
23692,405.0
23693,307.0
23694,924.0
23695,166.0
23696,352.0
23697,475.0
23698,997.0
23699,813.0
23700,168.0
23701,569.0
23702,330.0
23703,19.0
23704,977.0
23705,354.0
23706,413.0
23707,832.0
23708,439.0
23709,266.0
23710,924.0
23711,924.0
23712,756.0
23713,924.0
23714,812.0
23715,846.0
23716,13.0
23717,846.0
23718,585.0
23719,946.0
23720,832.0
23721,317.0
23722,832.0
23723,813.0
23724,533.0
23725,866.0
23726,319.0
23727,317.0
23728,6.0
23729,912.0
23730,371.0
23731,127.0
23732,811.0
23733,846.0
23734,984.0
23735,628.0
23736,569.0
23737,871.0
23738,517.0
23739,352.0
23740,213.0
23741,946.0
23742,302.0
23743,213.0
23744,846.0
23745,149.0
23746,94.0
23747,330.0
23748,997.0
23749,946.0
23750,882.0
23751,405.0
23752,916.0
23753,208.0
23754,13.0
23755,660.0
23756,779.0
23757,890.0
23758,213.0
23759,813.0
23760,405.0
23761,718.0
23762,213.0
23763,909.0
23764,855.0
23765,580.0
23766,405.0
23767,405.0
23768,370.0
23769,406.0
23770,13.0
23771,762.0
23772,305.0
23773,935.0
23774,68.0
23775,130.0
23776,54.0
23777,720.0
23778,318.0
23779,713.0
23780,533.0
23781,533.0
23782,213.0
23783,884.0
23784,812.0
23785,815.0
23786,924.0
23787,405.0
23788,168.0
23789,924.0
23790,48.0
23791,820.0
23792,405.0
23793,120.0
23794,921.0
23795,405.0
23796,213.0
23797,813.0
23798,130.0
23799,317.0
23800,928.0
23801,946.0
23802,405.0
23803,317.0
23804,361.0
23805,712.0
23806,627.0
23807,569.0
23808,197.0
23809,767.0
23810,213.0
23811,946.0
23812,454.0
23813,325.0
23814,915.0
23815,803.0
23816,970.0
23817,1.0
23818,533.0
23819,823.0
23820,884.0
23821,717.0
23822,813.0
23823,134.0
23824,561.0
23825,512.0
23826,361.0
23827,361.0
23828,891.0
23829,917.0
23830,42.0
23831,916.0
23832,393.0
23833,946.0
23834,168.0
23835,39.0
23836,846.0
23837,580.0
23838,628.0
23839,454.0
23840,973.0
23841,846.0
23842,168.0
23843,580.0
23844,83.0
23845,891.0
23846,462.0
23847,601.0
23848,997.0
23849,130.0
23850,813.0
23851,909.0
23852,627.0
23853,720.0
23854,213.0
23855,317.0
23856,213.0
23857,569.0
23858,68.0
23859,575.0
23860,909.0
23861,891.0
23862,884.0
23863,405.0
23864,317.0
23865,49.0
23866,917.0
23867,48.0
23868,50.0
23869,970.0
23870,213.0
23871,946.0
23872,405.0
23873,310.0
23874,255.0
23875,1.0
23876,75.0
23877,392.0
23878,13.0
23879,939.0
23880,971.0
23881,371.0
23882,49.0
23883,130.0
23884,325.0
23885,917.0
23886,970.0
23887,97.0
23888,59.0
23889,1.0
23890,445.0
23891,620.0
23892,49.0
23893,104.0
23894,127.0
23895,104.0
23896,13.0
23897,273.0
23898,788.0
23899,866.0
23900,405.0
23901,251.0
23902,13.0
23903,795.0
23904,655.0
23905,256.0
23906,361.0
23907,42.0
23908,924.0
23909,580.0
23910,529.0
23911,454.0
23912,809.0
23913,813.0
23914,529.0
23915,318.0
23916,13.0
23917,924.0
23918,13.0
23919,829.0
23920,779.0
23921,213.0
23922,974.0
23923,997.0
23924,677.0
23925,569.0
23926,597.0
23927,273.0
23928,812.0
23929,361.0
23930,264.0
23931,370.0
23932,924.0
23933,465.0
23934,656.0
23935,891.0
23936,41.0
23937,939.0
23938,67.0
23939,974.0
23940,928.0
23941,512.0
23942,928.0
23943,78.0
23944,813.0
23945,831.0
23946,984.0
23947,264.0
23948,653.0
23949,213.0
23950,928.0
23951,997.0
23952,834.0
23953,813.0
23954,627.0
23955,660.0
23956,370.0
23957,111.0
23958,41.0
23959,445.0
23960,273.0
23961,324.0
23962,575.0
23963,343.0
23964,127.0
23965,915.0
23966,213.0
23967,343.0
23968,405.0
23969,402.0
23970,820.0
23971,429.0
23972,811.0
23973,795.0
23974,361.0
23975,213.0
23976,325.0
23977,831.0
23978,251.0
23979,928.0
23980,13.0
23981,924.0
23982,512.0
23983,920.0
23984,884.0
23985,1.0
23986,483.0
23987,974.0
23988,375.0
23989,656.0
23990,408.0
23991,627.0
23992,166.0
23993,924.0
23994,216.0
23995,580.0
23996,75.0
23997,361.0
23998,213.0
23999,580.0
24000,149.0
24001,832.0
24002,213.0
24003,134.0
24004,104.0
24005,97.0
24006,916.0
24007,660.0
24008,989.0
24009,239.0
24010,405.0
24011,41.0
24012,844.0
24013,343.0
24014,97.0
24015,643.0
24016,839.0
24017,775.0
24018,756.0
24019,997.0
24020,213.0
24021,813.0
24022,445.0
24023,628.0
24024,166.0
24025,149.0
24026,213.0
24027,575.0
24028,884.0
24029,813.0
24030,795.0
24031,405.0
24032,149.0
24033,762.0
24034,307.0
24035,489.0
24036,662.0
24037,767.0
24038,570.0
24039,405.0
24040,193.0
24041,13.0
24042,627.0
24043,580.0
24044,924.0
24045,627.0
24046,193.0
24047,193.0
24048,104.0
24049,924.0
24050,213.0
24051,884.0
24052,49.0
24053,580.0
24054,815.0
24055,41.0
24056,5.0
24057,489.0
24058,997.0
24059,767.0
24060,371.0
24061,489.0
24062,83.0
24063,25.0
24064,902.0
24065,49.0
24066,425.0
24067,815.0
24068,405.0
24069,561.0
24070,946.0
24071,594.0
24072,41.0
24073,353.0
24074,529.0
24075,665.0
24076,75.0
24077,928.0
24078,989.0
24079,19.0
24080,213.0
24081,884.0
24082,216.0
24083,168.0
24084,812.0
24085,984.0
24086,308.0
24087,897.0
24088,533.0
24089,529.0
24090,213.0
24091,660.0
24092,405.0
24093,444.0
24094,813.0
24095,405.0
24096,13.0
24097,924.0
24098,13.0
24099,41.0
24100,1.0
24101,989.0
24102,738.0
24103,7.0
24104,213.0
24105,866.0
24106,149.0
24107,158.0
24108,924.0
24109,974.0
24110,78.0
24111,733.0
24112,198.0
24113,305.0
24114,305.0
24115,120.0
24116,454.0
24117,19.0
24118,823.0
24119,987.0
24120,974.0
24121,974.0
24122,688.0
24123,409.0
24124,784.0
24125,405.0
24126,130.0
24127,928.0
24128,807.0
24129,213.0
24130,445.0
24131,974.0
24132,916.0
24133,120.0
24134,144.0
24135,213.0
24136,655.0
24137,997.0
24138,777.0
24139,839.0
24140,49.0
24141,878.0
24142,307.0
24143,789.0
24144,921.0
24145,41.0
24146,924.0
24147,489.0
24148,974.0
24149,445.0
24150,884.0
24151,75.0
24152,917.0
24153,120.0
24154,997.0
24155,917.0
24156,149.0
24157,454.0
24158,939.0
24159,813.0
24160,984.0
24161,445.0
24162,977.0
24163,48.0
24164,200.0
24165,13.0
24166,42.0
24167,255.0
24168,41.0
24169,317.0
24170,49.0
24171,584.0
24172,813.0
24173,50.0
24174,239.0
24175,465.0
24176,928.0
24177,984.0
24178,613.0
24179,168.0
24180,6.0
24181,916.0
24182,361.0
24183,29.0
24184,455.0
24185,815.0
24186,585.0
24187,959.0
24188,846.0
24189,197.0
24190,468.0
24191,13.0
24192,29.0
24193,168.0
24194,305.0
24195,559.0
24196,13.0
24197,891.0
24198,512.0
24199,361.0
24200,971.0
24201,803.0
24202,180.0
24203,273.0
24204,68.0
24205,639.0
24206,529.0
24207,712.0
24208,317.0
24209,305.0
24210,924.0
24211,343.0
24212,213.0
24213,200.0
24214,884.0
24215,813.0
24216,361.0
24217,813.0
24218,656.0
24219,924.0
24220,168.0
24221,752.0
24222,580.0
24223,832.0
24224,584.0
24225,325.0
24226,616.0
24227,264.0
24228,251.0
24229,180.0
24230,924.0
24231,917.0
24232,104.0
24233,104.0
24234,756.0
24235,251.0
24236,924.0
24237,635.0
24238,455.0
24239,468.0
24240,575.0
24241,13.0
24242,361.0
24243,200.0
24244,251.0
24245,500.0
24246,959.0
24247,997.0
24248,130.0
24249,897.0
24250,915.0
24251,213.0
24252,939.0
24253,886.0
24254,762.0
24255,928.0
24256,213.0
24257,789.0
24258,251.0
24259,49.0
24260,572.0
24261,946.0
24262,924.0
24263,846.0
24264,50.0
24265,49.0
24266,213.0
24267,1.0
24268,917.0
24269,912.0
24270,974.0
24271,909.0
24272,213.0
24273,239.0
24274,94.0
24275,9.0
24276,149.0
24277,251.0
24278,305.0
24279,402.0
24280,213.0
24281,318.0
24282,533.0
24283,251.0
24284,139.0
24285,660.0
24286,125.0
24287,884.0
24288,130.0
24289,762.0
24290,815.0
24291,924.0
24292,13.0
24293,217.0
24294,454.0
24295,319.0
24296,973.0
24297,168.0
24298,213.0
24299,180.0
24300,974.0
24301,445.0
24302,527.0
24303,585.0
24304,305.0
24305,41.0
24306,454.0
24307,197.0
24308,104.0
24309,917.0
24310,623.0
24311,49.0
24312,989.0
24313,601.0
24314,317.0
24315,75.0
24316,997.0
24317,352.0
24318,48.0
24319,391.0
24320,840.0
24321,305.0
24322,846.0
24323,831.0
24324,594.0
24325,971.0
24326,789.0
24327,575.0
24328,897.0
24329,217.0
24330,50.0
24331,405.0
24332,984.0
24333,527.0
24334,789.0
24335,168.0
24336,468.0
24337,917.0
24338,75.0
24339,570.0
24340,832.0
24341,917.0
24342,305.0
24343,406.0
24344,454.0
24345,468.0
24346,361.0
24347,601.0
24348,305.0
24349,533.0
24350,179.0
24351,59.0
24352,586.0
24353,120.0
24354,924.0
24355,213.0
24356,405.0
24357,474.0
24358,632.0
24359,831.0
24360,912.0
24361,183.0
24362,100.0
24363,42.0
24364,213.0
24365,358.0
24366,130.0
24367,866.0
24368,928.0
24369,59.0
24370,317.0
24371,13.0
24372,67.0
24373,987.0
24374,812.0
24375,917.0
24376,130.0
24377,974.0
24378,866.0
24379,803.0
24380,302.0
24381,813.0
24382,325.0
24383,928.0
24384,354.0
24385,813.0
24386,813.0
24387,884.0
24388,499.0
24389,120.0
24390,413.0
24391,928.0
24392,454.0
24393,213.0
24394,527.0
24395,354.0
24396,468.0
24397,917.0
24398,68.0
24399,111.0
24400,803.0
24401,29.0
24402,527.0
24403,832.0
24404,454.0
24405,445.0
24406,213.0
24407,721.0
24408,149.0
24409,255.0
24410,909.0
24411,168.0
24412,979.0
24413,445.0
24414,527.0
24415,149.0
24416,813.0
24417,533.0
24418,912.0
24419,789.0
24420,361.0
24421,989.0
24422,305.0
24423,815.0
24424,974.0
24425,917.0
24426,251.0
24427,305.0
24428,890.0
24429,984.0
24430,839.0
24431,354.0
24432,989.0
24433,718.0
24434,361.0
24435,193.0
24436,601.0
24437,618.0
24438,974.0
24439,609.0
24440,48.0
24441,68.0
24442,575.0
24443,445.0
24444,752.0
24445,558.0
24446,251.0
24447,917.0
24448,213.0
24449,580.0
24450,50.0
24451,809.0
24452,784.0
24453,41.0
24454,213.0
24455,149.0
24456,909.0
24457,813.0
24458,49.0
24459,9.0
24460,445.0
24461,149.0
24462,68.0
24463,684.0
24464,924.0
24465,855.0
24466,213.0
24467,559.0
24468,75.0
24469,317.0
24470,474.0
24471,217.0
24472,193.0
24473,813.0
24474,829.0
24475,939.0
24476,432.0
24477,533.0
24478,974.0
24479,405.0
24480,405.0
24481,946.0
24482,832.0
24483,983.0
24484,375.0
24485,391.0
24486,317.0
24487,405.0
24488,406.0
24489,217.0
24490,65.0
24491,543.0
24492,912.0
24493,305.0
24494,995.0
24495,405.0
24496,987.0
24497,445.0
24498,895.0
24499,984.0
24500,213.0
24501,305.0
24502,183.0
24503,454.0
24504,529.0
24505,789.0
24506,921.0
24507,759.0
24508,974.0
24509,324.0
24510,213.0
24511,558.0
24512,305.0
24513,662.0
24514,13.0
24515,915.0
24516,371.0
24517,405.0
24518,891.0
24519,580.0
24520,823.0
24521,984.0
24522,660.0
24523,318.0
24524,120.0
24525,127.0
24526,498.0
24527,924.0
24528,997.0
24529,149.0
24530,439.0
24531,352.0
24532,762.0
24533,213.0
24534,974.0
24535,193.0
24536,168.0
24537,813.0
24538,13.0
24539,168.0
24540,183.0
24541,832.0
24542,489.0
24543,49.0
24544,371.0
24545,974.0
24546,68.0
24547,533.0
24548,99.0
24549,432.0
24550,180.0
24551,902.0
24552,580.0
24553,543.0
24554,42.0
24555,559.0
24556,255.0
24557,501.0
24558,707.0
24559,317.0
24560,989.0
24561,983.0
24562,909.0
24563,527.0
24564,795.0
24565,720.0
24566,213.0
24567,917.0
24568,405.0
24569,130.0
24570,213.0
24571,48.0
24572,49.0
24573,762.0
24574,813.0
24575,720.0
24576,660.0
24577,565.0
24578,813.0
24579,809.0
24580,48.0
24581,59.0
24582,627.0
24583,683.0
24584,829.0
24585,305.0
24586,832.0
24587,405.0
24588,294.0
24589,317.0
24590,468.0
24591,846.0
24592,361.0
24593,325.0
24594,68.0
24595,924.0
24596,832.0
24597,924.0
24598,913.0
24599,111.0
24600,13.0
24601,305.0
24602,946.0
24603,50.0
24604,213.0
24605,262.0
24606,884.0
24607,120.0
24608,684.0
24609,831.0
24610,305.0
24611,193.0
24612,454.0
24613,405.0
24614,49.0
24615,660.0
24616,158.0
24617,213.0
24618,305.0
24619,48.0
24620,575.0
24621,317.0
24622,512.0
24623,813.0
24624,75.0
24625,959.0
24626,406.0
24627,317.0
24628,363.0
24629,343.0
24630,19.0
24631,468.0
24632,570.0
24633,946.0
24634,264.0
24635,454.0
24636,912.0
24637,917.0
24638,130.0
24639,168.0
24640,354.0
24641,660.0
24642,813.0
24643,884.0
24644,586.0
24645,987.0
24646,632.0
24647,391.0
24648,832.0
24649,533.0
24650,928.0
24651,655.0
24652,440.0
24653,9.0
24654,815.0
24655,623.0
24656,49.0
24657,846.0
24658,924.0
24659,193.0
24660,891.0
24661,866.0
24662,27.0
24663,54.0
24664,585.0
24665,684.0
24666,9.0
24667,186.0
24668,149.0
24669,193.0
24670,191.0
24671,928.0
24672,557.0
24673,441.0
24674,130.0
24675,884.0
24676,130.0
24677,974.0
24678,809.0
24679,317.0
24680,575.0
24681,256.0
24682,127.0
24683,213.0
24684,832.0
24685,168.0
24686,317.0
24687,660.0
24688,512.0
24689,168.0
24690,909.0
24691,762.0
24692,41.0
24693,535.0
24694,317.0
24695,586.0
24696,734.0
24697,406.0
24698,997.0
24699,405.0
24700,16.0
24701,924.0
24702,49.0
24703,974.0
24704,445.0
24705,13.0
24706,168.0
24707,984.0
24708,557.0
24709,979.0
24710,302.0
24711,68.0
24712,831.0
24713,49.0
24714,42.0
24715,445.0
24716,193.0
24717,317.0
24718,405.0
24719,402.0
24720,627.0
24721,168.0
24722,954.0
24723,97.0
24724,623.0
24725,580.0
24726,213.0
24727,917.0
24728,498.0
24729,9.0
24730,266.0
24731,256.0
24732,216.0
24733,29.0
24734,594.0
24735,813.0
24736,50.0
24737,974.0
24738,535.0
24739,803.0
24740,569.0
24741,41.0
24742,529.0
24743,677.0
24744,917.0
24745,49.0
24746,762.0
24747,905.0
24748,216.0
24749,984.0
24750,273.0
24751,997.0
24752,762.0
24753,217.0
24754,50.0
24755,809.0
24756,884.0
24757,831.0
24758,501.0
24759,251.0
24760,318.0
24761,405.0
24762,924.0
24763,13.0
24764,813.0
24765,42.0
24766,405.0
24767,454.0
24768,102.0
24769,580.0
24770,909.0
24771,468.0
24772,632.0
24773,104.0
24774,974.0
24775,651.0
24776,924.0
24777,924.0
24778,402.0
24779,251.0
24780,180.0
24781,445.0
24782,798.0
24783,251.0
24784,445.0
24785,974.0
24786,49.0
24787,405.0
24788,916.0
24789,928.0
24790,924.0
24791,627.0
24792,917.0
24793,361.0
24794,527.0
24795,912.0
24796,361.0
24797,866.0
24798,585.0
24799,909.0
24800,655.0
24801,1.0
24802,50.0
24803,890.0
24804,13.0
24805,891.0
24806,1.0
24807,569.0
24808,48.0
24809,180.0
24810,846.0
24811,305.0
24812,59.0
24813,213.0
24814,75.0
24815,318.0
24816,984.0
24817,660.0
24818,251.0
24819,656.0
24820,75.0
24821,498.0
24822,660.0
24823,273.0
24824,762.0
24825,677.0
24826,104.0
24827,139.0
24828,928.0
24829,253.0
24830,846.0
24831,489.0
24832,42.0
24833,120.0
24834,445.0
24835,361.0
24836,49.0
24837,597.0
24838,651.0
24839,832.0
24840,41.0
24841,989.0
24842,909.0
24843,866.0
24844,866.0
24845,866.0
24846,946.0
24847,712.0
24848,168.0
24849,813.0
24850,65.0
24851,1.0
24852,712.0
24853,928.0
24854,59.0
24855,432.0
24856,678.0
24857,405.0
24858,255.0
24859,928.0
24860,984.0
24861,527.0
24862,388.0
24863,324.0
24864,361.0
24865,317.0
24866,213.0
24867,970.0
24868,445.0
24869,866.0
24870,580.0
24871,974.0
24872,756.0
24873,594.0
24874,168.0
24875,974.0
24876,445.0
24877,580.0
24878,609.0
24879,909.0
24880,575.0
24881,924.0
24882,779.0
24883,48.0
24884,500.0
24885,580.0
24886,939.0
24887,660.0
24888,307.0
24889,813.0
24890,813.0
24891,984.0
24892,915.0
24893,177.0
24894,917.0
24895,213.0
24896,655.0
24897,813.0
24898,49.0
24899,6.0
24900,317.0
24901,946.0
24902,499.0
24903,909.0
24904,916.0
24905,884.0
24906,70.0
24907,767.0
24908,902.0
24909,924.0
24910,813.0
24911,402.0
24912,149.0
24913,516.0
24914,315.0
24915,251.0
24916,489.0
24917,627.0
24918,917.0
24919,217.0
24920,627.0
24921,882.0
24922,977.0
24923,354.0
24924,42.0
24925,59.0
24926,871.0
24927,831.0
24928,318.0
24929,68.0
24930,49.0
24931,405.0
24932,67.0
24933,127.0
24934,136.0
24935,917.0
24936,795.0
24937,130.0
24938,866.0
24939,905.0
24940,756.0
24941,130.0
24942,406.0
24943,627.0
24944,468.0
24945,9.0
24946,970.0
24947,917.0
24948,946.0
24949,75.0
24950,984.0
24951,632.0
24952,317.0
24953,130.0
24954,974.0
24955,441.0
24956,371.0
24957,974.0
24958,597.0
24959,580.0
24960,886.0
24961,767.0
24962,330.0
24963,580.0
24964,928.0
24965,325.0
24966,13.0
24967,812.0
24968,569.0
24969,866.0
24970,762.0
24971,193.0
24972,405.0
24973,391.0
24974,971.0
24975,924.0
24976,762.0
24977,880.0
24978,251.0
24979,325.0
24980,49.0
24981,989.0
24982,352.0
24983,917.0
24984,213.0
24985,41.0
24986,405.0
24987,580.0
24988,266.0
24989,255.0
24990,13.0
24991,884.0
24992,361.0
24993,405.0
24994,251.0
24995,1.0
24996,921.0
24997,909.0
24998,928.0
24999,997.0
25000,296.0
25001,445.0
25002,213.0
25003,468.0
25004,445.0
25005,916.0
25006,974.0
25007,575.0
25008,762.0
25009,213.0
25010,971.0
25011,138.0
25012,354.0
25013,168.0
25014,149.0
25015,25.0
25016,49.0
25017,149.0
25018,41.0
25019,812.0
25020,886.0
25021,255.0
25022,812.0
25023,59.0
25024,317.0
25025,684.0
25026,997.0
25027,909.0
25028,454.0
25029,448.0
25030,813.0
25031,143.0
25032,41.0
25033,405.0
25034,813.0
25035,29.0
25036,310.0
25037,866.0
25038,25.0
25039,871.0
25040,897.0
25041,94.0
25042,909.0
25043,597.0
25044,405.0
25045,9.0
25046,813.0
25047,916.0
25048,13.0
25049,569.0
25050,305.0
25051,586.0
25052,983.0
25053,1.0
25054,832.0
25055,213.0
25056,130.0
25057,1.0
25058,445.0
25059,939.0
25060,997.0
25061,812.0
25062,454.0
25063,924.0
25064,468.0
25065,474.0
25066,846.0
25067,558.0
25068,928.0
25069,50.0
25070,305.0
25071,1.0
25072,78.0
25073,648.0
25074,41.0
25075,405.0
25076,213.0
25077,628.0
25078,895.0
25079,767.0
25080,498.0
25081,580.0
25082,191.0
25083,42.0
25084,213.0
25085,239.0
25086,251.0
25087,474.0
25088,49.0
25089,13.0
25090,884.0
25091,445.0
25092,839.0
25093,813.0
25094,916.0
25095,48.0
25096,660.0
25097,955.0
25098,217.0
25099,213.0
25100,75.0
25101,989.0
25102,970.0
25103,580.0
25104,1.0
25105,627.0
25106,627.0
25107,120.0
25108,917.0
25109,193.0
25110,575.0
25111,997.0
25112,984.0
25113,245.0
25114,598.0
25115,884.0
25116,217.0
25117,866.0
25118,49.0
25119,831.0
25120,168.0
25121,527.0
25122,832.0
25123,895.0
25124,41.0
25125,627.0
25126,665.0
25127,389.0
25128,909.0
25129,130.0
25130,924.0
25131,575.0
25132,561.0
25133,812.0
25134,521.0
25135,432.0
25136,655.0
25137,325.0
25138,406.0
25139,495.0
25140,569.0
25141,866.0
25142,984.0
25143,405.0
25144,49.0
25145,813.0
25146,68.0
25147,104.0
25148,974.0
25149,924.0
25150,191.0
25151,660.0
25152,839.0
25153,831.0
25154,533.0
25155,462.0
25156,498.0
25157,1.0
25158,997.0
25159,813.0
25160,13.0
25161,846.0
25162,561.0
25163,83.0
25164,94.0
25165,406.0
25166,984.0
25167,13.0
25168,294.0
25169,559.0
25170,501.0
25171,213.0
25172,846.0
25173,354.0
25174,974.0
25175,823.0
25176,651.0
25177,1.0
25178,575.0
25179,928.0
25180,251.0
25181,352.0
25182,213.0
25183,924.0
25184,855.0
25185,527.0
25186,897.0
25187,9.0
25188,1.0
25189,373.0
25190,813.0
25191,130.0
25192,921.0
25193,343.0
25194,49.0
25195,984.0
25196,213.0
25197,928.0
25198,405.0
25199,445.0
25200,917.0
25201,575.0
25202,49.0
25203,317.0
25204,916.0
25205,974.0
25206,120.0
25207,831.0
25208,832.0
25209,928.0
25210,438.0
25211,970.0
25212,440.0
25213,813.0
25214,149.0
25215,216.0
25216,813.0
25217,445.0
25218,970.0
25219,354.0
25220,251.0
25221,924.0
25222,213.0
25223,997.0
25224,305.0
25225,535.0
25226,213.0
25227,176.0
25228,533.0
25229,9.0
25230,979.0
25231,973.0
25232,653.0
25233,580.0
25234,767.0
25235,59.0
25236,1.0
25237,130.0
25238,307.0
25239,713.0
25240,50.0
25241,882.0
25242,921.0
25243,575.0
25244,251.0
25245,120.0
25246,489.0
25247,354.0
25248,832.0
25249,454.0
25250,924.0
25251,120.0
25252,984.0
25253,454.0
25254,504.0
25255,533.0
25256,216.0
25257,924.0
25258,627.0
25259,489.0
25260,317.0
25261,1.0
25262,823.0
25263,779.0
25264,846.0
25265,570.0
25266,811.0
25267,575.0
25268,468.0
25269,445.0
25270,75.0
25271,891.0
25272,111.0
25273,179.0
25274,149.0
25275,717.0
25276,924.0
25277,926.0
25278,168.0
25279,465.0
25280,1.0
25281,635.0
25282,984.0
25283,352.0
25284,928.0
25285,924.0
25286,529.0
25287,886.0
25288,886.0
25289,917.0
25290,255.0
25291,620.0
25292,317.0
25293,470.0
25294,569.0
25295,580.0
25296,813.0
25297,917.0
25298,156.0
25299,823.0
25300,324.0
25301,660.0
25302,13.0
25303,213.0
25304,445.0
25305,974.0
25306,9.0
25307,909.0
25308,49.0
25309,176.0
25310,601.0
25311,330.0
25312,928.0
25313,924.0
25314,330.0
25315,866.0
25316,807.0
25317,317.0
25318,924.0
25319,884.0
25320,59.0
25321,813.0
25322,609.0
25323,305.0
25324,188.0
25325,445.0
25326,307.0
25327,216.0
25328,795.0
25329,251.0
25330,136.0
25331,59.0
25332,49.0
25333,924.0
25334,352.0
25335,213.0
25336,813.0
25337,928.0
25338,575.0
25339,470.0
25340,405.0
25341,498.0
25342,846.0
25343,613.0
25344,305.0
25345,1.0
25346,168.0
25347,891.0
25348,224.0
25349,305.0
25350,912.0
25351,307.0
25352,580.0
25353,42.0
25354,41.0
25355,832.0
25356,635.0
25357,370.0
25358,616.0
25359,843.0
25360,897.0
25361,266.0
25362,813.0
25363,42.0
25364,251.0
25365,104.0
25366,615.0
25367,59.0
25368,305.0
25369,317.0
25370,305.0
25371,130.0
25372,495.0
25373,251.0
25374,983.0
25375,102.0
25376,832.0
25377,884.0
25378,42.0
25379,584.0
25380,213.0
25381,149.0
25382,130.0
25383,68.0
25384,891.0
25385,354.0
25386,970.0
25387,813.0
25388,130.0
25389,984.0
25390,251.0
25391,445.0
25392,489.0
25393,939.0
25394,946.0
25395,130.0
25396,130.0
25397,846.0
25398,454.0
25399,193.0
25400,361.0
25401,635.0
25402,627.0
25403,94.0
25404,721.0
25405,891.0
25406,633.0
25407,256.0
25408,855.0
25409,9.0
25410,216.0
25411,960.0
25412,618.0
25413,813.0
25414,120.0
25415,317.0
25416,305.0
25417,50.0
25418,166.0
25419,408.0
25420,149.0
25421,273.0
25422,575.0
25423,767.0
25424,78.0
25425,177.0
25426,42.0
25427,358.0
25428,317.0
25429,343.0
25430,307.0
25431,213.0
25432,974.0
25433,557.0
25434,168.0
25435,866.0
25436,767.0
25437,924.0
25438,180.0
25439,866.0
25440,317.0
25441,811.0
25442,575.0
25443,255.0
25444,317.0
25445,580.0
25446,405.0
25447,746.0
25448,264.0
25449,533.0
25450,200.0
25451,880.0
25452,912.0
25453,94.0
25454,392.0
25455,305.0
25456,815.0
25457,176.0
25458,832.0
25459,138.0
25460,168.0
25461,429.0
25462,627.0
25463,660.0
25464,405.0
25465,921.0
25466,533.0
25467,445.0
25468,813.0
25469,983.0
25470,343.0
25471,213.0
25472,721.0
25473,823.0
25474,909.0
25475,979.0
25476,832.0
25477,352.0
25478,59.0
25479,75.0
25480,890.0
25481,974.0
25482,632.0
25483,405.0
25484,405.0
25485,49.0
25486,832.0
25487,924.0
25488,75.0
25489,361.0
25490,707.0
25491,895.0
25492,831.0
25493,586.0
25494,935.0
25495,812.0
25496,928.0
25497,13.0
25498,767.0
25499,330.0
25500,580.0
25501,130.0
25502,829.0
25503,789.0
25504,762.0
25505,512.0
25506,597.0
25507,570.0
25508,813.0
25509,527.0
25510,866.0
25511,912.0
25512,884.0
25513,924.0
25514,651.0
25515,866.0
25516,917.0
25517,846.0
25518,318.0
25519,245.0
25520,809.0
25521,627.0
25522,916.0
25523,627.0
25524,361.0
25525,168.0
25526,813.0
25527,149.0
25528,454.0
25529,897.0
25530,813.0
25531,183.0
25532,361.0
25533,813.0
25534,405.0
25535,813.0
25536,50.0
25537,405.0
25538,997.0
25539,648.0
25540,938.0
25541,16.0
25542,597.0
25543,266.0
25544,120.0
25545,627.0
25546,916.0
25547,916.0
25548,111.0
25549,317.0
25550,924.0
25551,815.0
25552,319.0
25553,168.0
25554,779.0
25555,197.0
25556,445.0
25557,984.0
25558,120.0
25559,317.0
25560,156.0
25561,912.0
25562,778.0
25563,468.0
25564,632.0
25565,823.0
25566,405.0
25567,628.0
25568,432.0
25569,991.0
25570,813.0
25571,445.0
25572,660.0
25573,635.0
25574,149.0
25575,48.0
25576,381.0
25577,813.0
25578,191.0
25579,974.0
25580,149.0
25581,138.0
25582,960.0
25583,558.0
25584,6.0
25585,939.0
25586,251.0
25587,832.0
25588,997.0
25589,59.0
25590,75.0
25591,402.0
25592,251.0
25593,997.0
25594,75.0
25595,660.0
25596,319.0
25597,762.0
25598,168.0
25599,213.0
25600,916.0
25601,180.0
25602,41.0
25603,149.0
25604,627.0
25605,489.0
25606,607.0
25607,54.0
25608,655.0
25609,813.0
25610,575.0
25611,405.0
25612,917.0
25613,25.0
25614,292.0
25615,917.0
25616,823.0
25617,759.0
25618,924.0
25619,34.0
25620,946.0
25621,661.0
25622,917.0
25623,59.0
25624,13.0
25625,928.0
25626,949.0
25627,375.0
25628,921.0
25629,193.0
25630,846.0
25631,924.0
25632,445.0
25633,997.0
25634,127.0
25635,512.0
25636,762.0
25637,406.0
25638,846.0
25639,405.0
25640,273.0
25641,912.0
25642,535.0
25643,49.0
25644,558.0
25645,886.0
25646,216.0
25647,149.0
25648,651.0
25649,149.0
25650,405.0
25651,120.0
25652,405.0
25653,130.0
25654,939.0
25655,180.0
25656,41.0
25657,924.0
25658,628.0
25659,575.0
25660,59.0
25661,912.0
25662,213.0
25663,832.0
25664,251.0
25665,890.0
25666,41.0
25667,213.0
25668,75.0
25669,361.0
25670,580.0
25671,361.0
25672,916.0
25673,971.0
25674,75.0
25675,813.0
25676,939.0
25677,628.0
25678,130.0
25679,468.0
25680,924.0
25681,823.0
25682,361.0
25683,541.0
25684,916.0
25685,915.0
25686,627.0
25687,454.0
25688,251.0
25689,974.0
25690,575.0
25691,50.0
25692,917.0
25693,580.0
25694,371.0
25695,213.0
25696,120.0
25697,601.0
25698,597.0
25699,99.0
25700,917.0
25701,168.0
25702,251.0
25703,149.0
25704,866.0
25705,660.0
25706,891.0
25707,586.0
25708,125.0
25709,813.0
25710,48.0
25711,917.0
25712,997.0
25713,41.0
25714,815.0
25715,371.0
25716,75.0
25717,557.0
25718,909.0
25719,361.0
25720,813.0
25721,41.0
25722,627.0
25723,812.0
25724,866.0
25725,597.0
25726,59.0
25727,41.0
25728,989.0
25729,49.0
25730,391.0
25731,570.0
25732,59.0
25733,180.0
25734,997.0
25735,325.0
25736,916.0
25737,99.0
25738,813.0
25739,474.0
25740,997.0
25741,266.0
25742,946.0
25743,213.0
25744,613.0
25745,402.0
25746,83.0
25747,325.0
25748,580.0
25749,68.0
25750,561.0
25751,884.0
25752,405.0
25753,924.0
25754,932.0
25755,50.0
25756,916.0
25757,813.0
25758,104.0
25759,213.0
25760,247.0
25761,813.0
25762,454.0
25763,909.0
25764,144.0
25765,778.0
25766,125.0
25767,597.0
25768,846.0
25769,405.0
25770,325.0
25771,639.0
25772,251.0
25773,325.0
25774,812.0
25775,446.0
25776,251.0
25777,25.0
25778,984.0
25779,812.0
25780,627.0
25781,656.0
25782,213.0
25783,49.0
25784,251.0
25785,483.0
25786,354.0
25787,474.0
25788,354.0
25789,884.0
25790,305.0
25791,1.0
25792,363.0
25793,361.0
25794,489.0
25795,302.0
25796,213.0
25797,41.0
25798,42.0
25799,75.0
25800,635.0
25801,813.0
25802,151.0
25803,832.0
25804,446.0
25805,909.0
25806,324.0
25807,946.0
25808,832.0
25809,884.0
25810,580.0
25811,997.0
25812,59.0
25813,213.0
25814,13.0
25815,354.0
25816,846.0
25817,149.0
25818,305.0
25819,149.0
25820,149.0
25821,813.0
25822,916.0
25823,813.0
25824,49.0
25825,200.0
25826,446.0
25827,960.0
25828,251.0
25829,7.0
25830,924.0
25831,160.0
25832,946.0
25833,402.0
25834,939.0
25835,720.0
25836,463.0
25837,120.0
25838,839.0
25839,9.0
25840,308.0
25841,960.0
25842,575.0
25843,343.0
25844,255.0
25845,475.0
25846,575.0
25847,813.0
25848,41.0
25849,813.0
25850,361.0
25851,224.0
25852,168.0
25853,917.0
25854,405.0
25855,305.0
25856,48.0
25857,815.0
25858,405.0
25859,866.0
25860,812.0
25861,946.0
25862,821.0
25863,174.0
25864,25.0
25865,632.0
25866,402.0
25867,839.0
25868,41.0
25869,924.0
25870,974.0
25871,42.0
25872,846.0
25873,997.0
25874,891.0
25875,49.0
25876,352.0
25877,767.0
25878,41.0
25879,149.0
25880,882.0
25881,50.0
25882,627.0
25883,789.0
25884,512.0
25885,193.0
25886,104.0
25887,871.0
25888,891.0
25889,917.0
25890,120.0
25891,665.0
25892,41.0
25893,405.0
25894,191.0
25895,213.0
25896,897.0
25897,627.0
25898,620.0
25899,813.0
25900,213.0
25901,102.0
25902,213.0
25903,317.0
25904,997.0
25905,521.0
25906,812.0
25907,909.0
25908,462.0
25909,317.0
25910,909.0
25911,474.0
25912,917.0
25913,361.0
25914,168.0
25915,439.0
25916,946.0
25917,193.0
25918,13.0
25919,402.0
25920,168.0
25921,813.0
25922,846.0
25923,168.0
25924,405.0
25925,915.0
25926,445.0
25927,884.0
25928,49.0
25929,997.0
25930,183.0
25931,168.0
25932,305.0
25933,352.0
25934,905.0
25935,660.0
25936,627.0
25937,813.0
25938,970.0
25939,846.0
25940,974.0
25941,213.0
25942,405.0
25943,662.0
25944,179.0
25945,251.0
25946,454.0
25947,915.0
25948,575.0
25949,713.0
25950,553.0
25951,713.0
25952,436.0
25953,120.0
25954,974.0
25955,813.0
25956,197.0
25957,405.0
25958,813.0
25959,767.0
25960,256.0
25961,813.0
25962,997.0
25963,866.0
25964,912.0
25965,932.0
25966,917.0
25967,138.0
25968,717.0
25969,489.0
25970,831.0
25971,913.0
25972,130.0
25973,405.0
25974,829.0
25975,130.0
25976,970.0
25977,251.0
25978,149.0
25979,917.0
25980,832.0
25981,168.0
25982,405.0
25983,130.0
25984,94.0
25985,405.0
25986,823.0
25987,13.0
25988,361.0
25989,216.0
25990,813.0
25991,495.0
25992,59.0
25993,317.0
25994,120.0
25995,928.0
25996,501.0
25997,125.0
25998,402.0
25999,924.0
26000,324.0
26001,946.0
26002,767.0
26003,273.0
26004,917.0
26005,997.0
26006,317.0
26007,746.0
26008,713.0
26009,871.0
26010,660.0
26011,803.0
26012,812.0
26013,273.0
26014,597.0
26015,174.0
26016,946.0
26017,489.0
26018,601.0
26019,917.0
26020,989.0
26021,601.0
26022,969.0
26023,997.0
26024,928.0
26025,50.0
26026,83.0
26027,811.0
26028,813.0
26029,193.0
26030,179.0
26031,884.0
26032,713.0
26033,939.0
26034,533.0
26035,193.0
26036,909.0
26037,19.0
26038,49.0
26039,662.0
26040,213.0
26041,917.0
26042,439.0
26043,168.0
26044,405.0
26045,130.0
26046,979.0
26047,946.0
26048,813.0
26049,59.0
26050,9.0
26051,317.0
26052,639.0
26053,974.0
26054,48.0
26055,557.0
26056,813.0
26057,468.0
26058,251.0
26059,120.0
26060,784.0
26061,813.0
26062,924.0
26063,543.0
26064,762.0
26065,474.0
26066,984.0
26067,9.0
26068,149.0
26069,405.0
26070,832.0
26071,909.0
26072,543.0
26073,660.0
26074,213.0
26075,168.0
26076,561.0
26077,866.0
26078,939.0
26079,813.0
26080,788.0
26081,928.0
26082,960.0
26083,42.0
26084,924.0
26085,361.0
26086,266.0
26087,866.0
26088,440.0
26089,371.0
26090,543.0
26091,317.0
26092,264.0
26093,78.0
26094,361.0
26095,706.0
26096,771.0
26097,462.0
26098,41.0
26099,408.0
26100,352.0
26101,597.0
26102,891.0
26103,505.0
26104,13.0
26105,1.0
26106,575.0
26107,928.0
26108,762.0
26109,489.0
26110,946.0
26111,585.0
26112,405.0
26113,247.0
26114,168.0
26115,266.0
26116,317.0
26117,917.0
26118,13.0
26119,405.0
26120,620.0
26121,474.0
26122,627.0
26123,909.0
26124,368.0
26125,660.0
26126,823.0
26127,866.0
26128,68.0
26129,27.0
26130,266.0
26131,405.0
26132,989.0
26133,812.0
26134,866.0
26135,897.0
26136,168.0
26137,213.0
26138,866.0
26139,213.0
26140,813.0
26141,561.0
26142,130.0
26143,788.0
26144,529.0
26145,361.0
26146,273.0
26147,575.0
26148,130.0
26149,746.0
26150,995.0
26151,29.0
26152,405.0
26153,361.0
26154,653.0
26155,997.0
26156,149.0
26157,855.0
26158,939.0
26159,405.0
26160,533.0
26161,255.0
26162,13.0
26163,762.0
26164,202.0
26165,213.0
26166,239.0
26167,310.0
26168,405.0
26169,939.0
26170,660.0
26171,48.0
26172,970.0
26173,454.0
26174,42.0
26175,251.0
26176,813.0
26177,239.0
26178,813.0
26179,213.0
26180,200.0
26181,239.0
26182,288.0
26183,361.0
26184,200.0
26185,319.0
26186,580.0
26187,575.0
26188,662.0
26189,213.0
26190,13.0
26191,68.0
26192,213.0
26193,813.0
26194,168.0
26195,984.0
26196,317.0
26197,984.0
26198,803.0
26199,846.0
26200,575.0
26201,49.0
26202,251.0
26203,812.0
26204,67.0
26205,928.0
26206,97.0
26207,193.0
26208,984.0
26209,839.0
26210,405.0
26211,273.0
26212,733.0
26213,213.0
26214,68.0
26215,111.0
26216,580.0
26217,49.0
26218,660.0
26219,813.0
26220,498.0
26221,527.0
26222,445.0
26223,512.0
26224,439.0
26225,813.0
26226,834.0
26227,213.0
26228,130.0
26229,266.0
26230,405.0
26231,924.0
26232,49.0
26233,41.0
26234,83.0
26235,813.0
26236,9.0
26237,174.0
26238,570.0
26239,317.0
26240,251.0
26241,989.0
26242,924.0
26243,41.0
26244,454.0
26245,41.0
26246,767.0
26247,543.0
26248,361.0
26249,176.0
26250,917.0
26251,924.0
26252,974.0
26253,628.0
26254,251.0
26255,861.0
26256,832.0
26257,391.0
26258,352.0
26259,361.0
26260,866.0
26261,59.0
26262,41.0
26263,580.0
26264,928.0
26265,130.0
26266,318.0
26267,916.0
26268,569.0
26269,795.0
26270,720.0
26271,75.0
26272,997.0
26273,580.0
26274,970.0
26275,445.0
26276,939.0
26277,924.0
26278,405.0
26279,130.0
26280,884.0
26281,597.0
26282,30.0
26283,130.0
26284,310.0
26285,813.0
26286,795.0
26287,305.0
26288,405.0
26289,909.0
26290,846.0
26291,660.0
26292,465.0
26293,866.0
26294,445.0
26295,1.0
26296,354.0
26297,168.0
26298,213.0
26299,997.0
26300,361.0
26301,884.0
26302,264.0
26303,54.0
26304,660.0
26305,402.0
26306,665.0
26307,213.0
26308,846.0
26309,939.0
26310,720.0
26311,305.0
26312,946.0
26313,917.0
26314,815.0
26315,566.0
26316,149.0
26317,193.0
26318,660.0
26319,49.0
26320,305.0
26321,13.0
26322,474.0
26323,198.0
26324,406.0
26325,533.0
26326,813.0
26327,216.0
26328,575.0
26329,917.0
26330,584.0
26331,974.0
26332,94.0
26333,660.0
26334,707.0
26335,317.0
26336,586.0
26337,762.0
26338,1.0
26339,980.0
26340,104.0
26341,855.0
26342,13.0
26343,866.0
26344,533.0
26345,54.0
26346,318.0
26347,202.0
26348,580.0
26349,660.0
26350,543.0
26351,720.0
26352,213.0
26353,432.0
26354,713.0
26355,239.0
26356,213.0
26357,405.0
26358,361.0
26359,59.0
26360,41.0
26361,989.0
26362,111.0
26363,130.0
26364,325.0
26365,213.0
26366,924.0
26367,94.0
26368,733.0
26369,202.0
26370,361.0
26371,49.0
26372,149.0
26373,191.0
26374,139.0
26375,307.0
26376,855.0
26377,440.0
26378,924.0
26379,280.0
26380,59.0
26381,405.0
26382,264.0
26383,762.0
26384,61.0
26385,533.0
26386,213.0
26387,917.0
26388,562.0
26389,594.0
26390,127.0
26391,909.0
26392,120.0
26393,213.0
26394,815.0
26395,917.0
26396,866.0
26397,924.0
26398,846.0
26399,168.0
26400,41.0
26401,224.0
26402,866.0
26403,946.0
26404,533.0
26405,832.0
26406,251.0
26407,971.0
26408,318.0
26409,216.0
26410,997.0
26411,78.0
26412,440.0
26413,168.0
26414,213.0
26415,406.0
26416,388.0
26417,917.0
26418,406.0
26419,13.0
26420,720.0
26421,391.0
26422,928.0
26423,627.0
26424,446.0
26425,559.0
26426,916.0
26427,48.0
26428,984.0
26429,49.0
26430,984.0
26431,213.0
26432,832.0
26433,913.0
26434,48.0
26435,517.0
26436,500.0
26437,213.0
26438,660.0
26439,633.0
26440,193.0
26441,489.0
26442,213.0
26443,813.0
26444,924.0
26445,139.0
26446,406.0
26447,580.0
26448,974.0
26449,684.0
26450,13.0
26451,143.0
26452,1.0
26453,361.0
26454,50.0
26455,13.0
26456,149.0
26457,500.0
26458,440.0
26459,405.0
26460,224.0
26461,924.0
26462,912.0
26463,49.0
26464,168.0
26465,361.0
26466,909.0
26467,407.0
26468,997.0
26469,831.0
26470,839.0
26471,733.0
26472,615.0
26473,255.0
26474,317.0
26475,25.0
26476,627.0
26477,871.0
26478,497.0
26479,213.0
26480,317.0
26481,307.0
26482,8.0
26483,193.0
26484,361.0
26485,834.0
26486,405.0
26487,149.0
26488,149.0
26489,48.0
26490,9.0
26491,125.0
26492,273.0
26493,41.0
26494,9.0
26495,756.0
26496,884.0
26497,924.0
26498,928.0
26499,361.0
26500,168.0
26501,193.0
26502,789.0
26503,928.0
26504,924.0
26505,1.0
26506,924.0
26507,445.0
26508,352.0
26509,50.0
26510,361.0
26511,720.0
26512,627.0
26513,213.0
26514,844.0
26515,370.0
26516,566.0
26517,939.0
26518,580.0
26519,352.0
26520,325.0
26521,445.0
26522,813.0
26523,193.0
26524,834.0
26525,307.0
26526,813.0
26527,317.0
26528,353.0
26529,939.0
26530,139.0
26531,489.0
26532,775.0
26533,813.0
26534,813.0
26535,50.0
26536,217.0
26537,468.0
26538,713.0
26539,168.0
26540,343.0
26541,924.0
26542,815.0
26543,909.0
26544,946.0
26545,168.0
26546,928.0
26547,104.0
26548,866.0
26549,584.0
26550,974.0
26551,448.0
26552,454.0
26553,924.0
26554,405.0
26555,402.0
26556,795.0
26557,454.0
26558,97.0
26559,635.0
26560,997.0
26561,251.0
26562,49.0
26563,884.0
26564,111.0
26565,305.0
26566,575.0
26567,891.0
26568,48.0
26569,361.0
26570,318.0
26571,318.0
26572,361.0
26573,740.0
26574,756.0
26575,813.0
26576,932.0
26577,224.0
26578,974.0
26579,111.0
26580,813.0
26581,558.0
26582,767.0
26583,13.0
26584,632.0
26585,392.0
26586,239.0
26587,533.0
26588,179.0
26589,633.0
26590,280.0
26591,251.0
26592,361.0
26593,767.0
26594,832.0
26595,130.0
26596,909.0
26597,54.0
26598,130.0
26599,247.0
26600,832.0
26601,980.0
26602,41.0
26603,149.0
26604,149.0
26605,371.0
26606,834.0
26607,104.0
26608,970.0
26609,317.0
26610,213.0
26611,213.0
26612,660.0
26613,811.0
26614,891.0
26615,946.0
26616,535.0
26617,149.0
26618,213.0
26619,83.0
26620,48.0
26621,193.0
26622,49.0
26623,130.0
26624,264.0
26625,49.0
26626,909.0
26627,924.0
26628,213.0
26629,660.0
26630,772.0
26631,913.0
26632,213.0
26633,405.0
26634,916.0
26635,840.0
26636,94.0
26637,569.0
26638,884.0
26639,462.0
26640,149.0
26641,83.0
26642,866.0
26643,971.0
26644,924.0
26645,955.0
26646,924.0
26647,815.0
26648,974.0
26649,213.0
26650,566.0
26651,559.0
26652,136.0
26653,677.0
26654,149.0
26655,125.0
26656,41.0
26657,213.0
26658,946.0
26659,67.0
26660,525.0
26661,980.0
26662,440.0
26663,361.0
26664,601.0
26665,812.0
26666,508.0
26667,130.0
26668,41.0
26669,832.0
26670,627.0
26671,375.0
26672,239.0
26673,533.0
26674,48.0
26675,843.0
26676,149.0
26677,974.0
26678,495.0
26679,193.0
26680,317.0
26681,713.0
26682,946.0
26683,168.0
26684,41.0
26685,168.0
26686,882.0
26687,168.0
26688,979.0
26689,83.0
26690,815.0
26691,94.0
26692,924.0
26693,49.0
26694,310.0
26695,720.0
26696,924.0
26697,660.0
26698,104.0
26699,891.0
26700,984.0
26701,13.0
26702,9.0
26703,9.0
26704,354.0
26705,497.0
26706,832.0
26707,408.0
26708,928.0
26709,970.0
26710,924.0
26711,821.0
26712,180.0
26713,620.0
26714,656.0
26715,405.0
26716,815.0
26717,462.0
26718,974.0
26719,454.0
26720,979.0
26721,75.0
26722,224.0
26723,251.0
26724,217.0
26725,168.0
26726,969.0
26727,823.0
26728,905.0
26729,924.0
26730,580.0
26731,13.0
26732,813.0
26733,48.0
26734,973.0
26735,273.0
26736,307.0
26737,912.0
26738,42.0
26739,815.0
26740,49.0
26741,138.0
26742,813.0
26743,543.0
26744,302.0
26745,166.0
26746,49.0
26747,924.0
26748,68.0
26749,989.0
26750,846.0
26751,974.0
26752,352.0
26753,884.0
26754,166.0
26755,866.0
26756,989.0
26757,352.0
26758,59.0
26759,149.0
26760,361.0
26761,559.0
26762,909.0
26763,25.0
26764,251.0
26765,75.0
26766,543.0
26767,677.0
26768,529.0
26769,880.0
26770,317.0
26771,533.0
26772,489.0
26773,580.0
26774,811.0
26775,939.0
26776,562.0
26777,13.0
26778,946.0
26779,902.0
26780,946.0
26781,406.0
26782,48.0
26783,120.0
26784,926.0
26785,168.0
26786,712.0
26787,767.0
26788,405.0
26789,120.0
26790,197.0
26791,977.0
26792,130.0
26793,677.0
26794,575.0
26795,120.0
26796,977.0
26797,406.0
26798,928.0
26799,866.0
26800,445.0
26801,929.0
26802,815.0
26803,946.0
26804,575.0
26805,811.0
26806,977.0
26807,280.0
26808,213.0
26809,290.0
26810,134.0
26811,13.0
26812,569.0
26813,454.0
26814,597.0
26815,75.0
26816,601.0
26817,921.0
26818,429.0
26819,909.0
26820,251.0
26821,909.0
26822,213.0
26823,821.0
26824,70.0
26825,216.0
26826,997.0
26827,909.0
26828,909.0
26829,969.0
26830,13.0
26831,991.0
26832,324.0
26833,305.0
26834,984.0
26835,325.0
26836,59.0
26837,446.0
26838,318.0
26839,317.0
26840,324.0
26841,130.0
26842,41.0
26843,59.0
26844,361.0
26845,49.0
26846,75.0
26847,584.0
26848,445.0
26849,41.0
26850,1.0
26851,149.0
26852,924.0
26853,352.0
26854,213.0
26855,68.0
26856,217.0
26857,168.0
26858,928.0
26859,213.0
26860,533.0
26861,294.0
26862,575.0
26863,139.0
26864,324.0
26865,149.0
26866,572.0
26867,553.0
26868,13.0
26869,445.0
26870,924.0
26871,251.0
26872,916.0
26873,305.0
26874,891.0
26875,41.0
26876,48.0
26877,813.0
26878,924.0
26879,928.0
26880,832.0
26881,97.0
26882,75.0
26883,534.0
26884,884.0
26885,75.0
26886,928.0
26887,846.0
26888,9.0
26889,916.0
26890,41.0
26891,245.0
26892,138.0
26893,615.0
26894,655.0
26895,125.0
26896,317.0
26897,317.0
26898,916.0
26899,932.0
26900,361.0
26901,831.0
26902,909.0
26903,813.0
26904,381.0
26905,655.0
26906,643.0
26907,823.0
26908,543.0
26909,404.0
26910,41.0
26911,618.0
26912,928.0
26913,811.0
26914,557.0
26915,846.0
26916,916.0
26917,413.0
26918,928.0
26919,974.0
26920,445.0
26921,643.0
26922,104.0
26923,474.0
26924,970.0
26925,974.0
26926,984.0
26927,370.0
26928,706.0
26929,361.0
26930,813.0
26931,213.0
26932,569.0
26933,7.0
26934,317.0
26935,454.0
26936,179.0
26937,813.0
26938,632.0
26939,198.0
26940,166.0
26941,127.0
26942,909.0
26943,979.0
26944,846.0
26945,213.0
26946,725.0
26947,815.0
26948,970.0
26949,213.0
26950,813.0
26951,628.0
26952,569.0
26953,512.0
26954,928.0
26955,48.0
26956,855.0
26957,213.0
26958,213.0
26959,928.0
26960,468.0
26961,939.0
26962,213.0
26963,813.0
26964,13.0
26965,168.0
26966,41.0
26967,216.0
26968,946.0
26969,633.0
26970,68.0
26971,324.0
26972,720.0
26973,405.0
26974,9.0
26975,475.0
26976,580.0
26977,505.0
26978,813.0
26979,75.0
26980,688.0
26981,495.0
26982,454.0
26983,305.0
26984,405.0
26985,9.0
26986,247.0
26987,213.0
26988,935.0
26989,441.0
26990,94.0
26991,882.0
26992,683.0
26993,352.0
26994,866.0
26995,200.0
26996,130.0
26997,405.0
26998,812.0
26999,361.0
27000,255.0
27001,351.0
27002,48.0
27003,597.0
27004,50.0
27005,75.0
27006,954.0
27007,559.0
27008,352.0
27009,168.0
27010,13.0
27011,318.0
27012,405.0
27013,310.0
27014,183.0
27015,712.0
27016,543.0
27017,655.0
27018,97.0
27019,803.0
27020,208.0
27021,983.0
27022,897.0
27023,569.0
27024,928.0
27025,639.0
27026,939.0
27027,361.0
27028,924.0
27029,120.0
27030,720.0
27031,405.0
27032,967.0
27033,917.0
27034,924.0
27035,909.0
27036,330.0
27037,535.0
27038,120.0
27039,352.0
27040,575.0
27041,130.0
27042,866.0
27043,408.0
27044,813.0
27045,239.0
27046,584.0
27047,928.0
27048,559.0
27049,846.0
27050,65.0
27051,318.0
27052,454.0
27053,928.0
27054,877.0
27055,213.0
27056,846.0
27057,391.0
27058,895.0
27059,405.0
27060,76.0
27061,213.0
27062,325.0
27063,570.0
27064,871.0
27065,615.0
27066,660.0
27067,310.0
27068,912.0
27069,213.0
27070,149.0
27071,245.0
27072,288.0
27073,559.0
27074,821.0
27075,193.0
27076,813.0
27077,575.0
27078,168.0
27079,917.0
27080,251.0
27081,75.0
27082,811.0
27083,909.0
27084,25.0
27085,50.0
27086,9.0
27087,130.0
27088,305.0
27089,498.0
27090,266.0
27091,844.0
27092,561.0
27093,917.0
27094,521.0
27095,575.0
27096,213.0
27097,405.0
27098,405.0
27099,68.0
27100,405.0
27101,168.0
27102,402.0
27103,224.0
27104,251.0
27105,759.0
27106,846.0
27107,562.0
27108,789.0
27109,997.0
27110,213.0
27111,305.0
27112,180.0
27113,445.0
27114,130.0
27115,59.0
27116,120.0
27117,813.0
27118,997.0
27119,660.0
27120,50.0
27121,661.0
27122,213.0
27123,130.0
27124,445.0
27125,361.0
27126,445.0
27127,718.0
27128,813.0
27129,319.0
27130,846.0
27131,405.0
27132,405.0
27133,489.0
27134,50.0
27135,50.0
27136,13.0
27137,183.0
27138,839.0
27139,318.0
27140,75.0
27141,50.0
27142,50.0
27143,68.0
27144,924.0
27145,660.0
27146,807.0
27147,25.0
27148,527.0
27149,884.0
27150,19.0
27151,317.0
27152,213.0
27153,946.0
27154,317.0
27155,213.0
27156,891.0
27157,130.0
27158,662.0
27159,924.0
27160,273.0
27161,928.0
27162,463.0
27163,305.0
27164,59.0
27165,570.0
27166,42.0
27167,832.0
27168,224.0
27169,627.0
27170,50.0
27171,713.0
27172,813.0
27173,660.0
27174,882.0
27175,454.0
27176,890.0
27177,324.0
27178,1.0
27179,213.0
27180,213.0
27181,13.0
27182,609.0
27183,483.0
27184,149.0
27185,13.0
27186,997.0
27187,465.0
27188,501.0
27189,813.0
27190,832.0
27191,59.0
27192,997.0
27193,665.0
27194,660.0
27195,168.0
27196,432.0
27197,197.0
27198,660.0
27199,352.0
27200,924.0
27201,193.0
27202,48.0
27203,970.0
27204,130.0
27205,361.0
27206,921.0
27207,635.0
27208,474.0
27209,495.0
27210,811.0
27211,445.0
27212,120.0
27213,866.0
27214,314.0
27215,846.0
27216,13.0
27217,68.0
27218,823.0
27219,1.0
27220,361.0
27221,984.0
27222,997.0
27223,406.0
27224,213.0
27225,504.0
27226,405.0
27227,255.0
27228,41.0
27229,939.0
27230,997.0
27231,139.0
27232,392.0
27233,474.0
27234,166.0
27235,815.0
27236,352.0
27237,812.0
27238,543.0
27239,917.0
27240,866.0
27241,130.0
27242,807.0
27243,916.0
27244,247.0
27245,130.0
27246,820.0
27247,213.0
27248,68.0
27249,149.0
27250,213.0
27251,970.0
27252,305.0
27253,354.0
27254,83.0
27255,48.0
27256,317.0
27257,857.0
27258,49.0
27259,979.0
27260,445.0
27261,917.0
27262,905.0
27263,41.0
27264,917.0
27265,916.0
27266,974.0
27267,866.0
27268,213.0
27269,516.0
27270,823.0
27271,615.0
27272,384.0
27273,570.0
27274,168.0
27275,402.0
27276,813.0
27277,193.0
27278,325.0
27279,317.0
27280,13.0
27281,832.0
27282,946.0
27283,256.0
27284,916.0
27285,613.0
27286,924.0
27287,939.0
27288,656.0
27289,139.0
27290,720.0
27291,440.0
27292,812.0
27293,915.0
27294,391.0
27295,974.0
27296,767.0
27297,923.0
27298,775.0
27299,813.0
27300,575.0
27301,813.0
27302,902.0
27303,623.0
27304,352.0
27305,917.0
27306,454.0
27307,68.0
27308,558.0
27309,216.0
27310,68.0
27311,846.0
27312,779.0
27313,49.0
27314,188.0
27315,932.0
27316,470.0
27317,317.0
27318,213.0
27319,756.0
27320,429.0
27321,358.0
27322,846.0
27323,979.0
27324,812.0
27325,997.0
27326,543.0
27327,527.0
27328,213.0
27329,924.0
27330,436.0
27331,251.0
27332,909.0
27333,136.0
27334,262.0
27335,454.0
27336,16.0
27337,928.0
27338,149.0
27339,795.0
27340,953.0
27341,405.0
27342,59.0
27343,406.0
27344,130.0
27345,432.0
27346,916.0
27347,832.0
27348,585.0
27349,489.0
27350,97.0
27351,846.0
27352,305.0
27353,720.0
27354,317.0
27355,352.0
27356,823.0
27357,273.0
27358,984.0
27359,909.0
27360,839.0
27361,997.0
27362,125.0
27363,917.0
27364,13.0
27365,543.0
27366,130.0
27367,130.0
27368,654.0
27369,193.0
27370,924.0
27371,217.0
27372,127.0
27373,440.0
27374,821.0
27375,909.0
27376,13.0
27377,371.0
27378,68.0
27379,213.0
27380,897.0
27381,405.0
27382,916.0
27383,352.0
27384,67.0
27385,529.0
27386,917.0
27387,584.0
27388,984.0
27389,815.0
27390,317.0
27391,580.0
27392,273.0
27393,130.0
27394,149.0
27395,997.0
27396,405.0
27397,361.0
27398,677.0
27399,974.0
27400,866.0
27401,983.0
27402,570.0
27403,559.0
27404,41.0
27405,946.0
27406,48.0
27407,920.0
27408,575.0
27409,255.0
27410,924.0
27411,558.0
27412,59.0
27413,134.0
27414,580.0
27415,855.0
27416,352.0
27417,989.0
27418,725.0
27419,917.0
27420,50.0
27421,305.0
27422,916.0
27423,120.0
27424,512.0
27425,216.0
27426,130.0
27427,798.0
27428,454.0
27429,939.0
27430,405.0
27431,917.0
27432,813.0
27433,405.0
27434,168.0
27435,448.0
27436,504.0
27437,832.0
27438,974.0
27439,49.0
27440,440.0
27441,213.0
27442,813.0
27443,789.0
27444,49.0
27445,839.0
27446,392.0
27447,501.0
27448,578.0
27449,902.0
27450,180.0
27451,168.0
27452,213.0
27453,832.0
27454,902.0
27455,406.0
27456,307.0
27457,213.0
27458,517.0
27459,886.0
27460,721.0
27461,255.0
27462,820.0
27463,168.0
27464,59.0
27465,264.0
27466,94.0
27467,559.0
27468,75.0
27469,188.0
27470,584.0
27471,575.0
27472,813.0
27473,970.0
27474,505.0
27475,255.0
27476,909.0
27477,495.0
27478,361.0
27479,1.0
27480,474.0
27481,909.0
27482,974.0
27483,498.0
27484,149.0
27485,310.0
27486,213.0
27487,997.0
27488,454.0
27489,866.0
27490,813.0
27491,628.0
27492,846.0
27493,49.0
27494,305.0
27495,580.0
27496,789.0
27497,448.0
27498,168.0
27499,41.0
27500,130.0
27501,68.0
27502,405.0
27503,997.0
27504,866.0
27505,149.0
27506,13.0
27507,317.0
27508,330.0
27509,130.0
27510,317.0
27511,305.0
27512,405.0
27513,213.0
27514,239.0
27515,884.0
27516,454.0
27517,575.0
27518,405.0
27519,256.0
27520,352.0
27521,498.0
27522,168.0
27523,41.0
27524,352.0
27525,168.0
27526,130.0
27527,68.0
27528,253.0
27529,149.0
27530,946.0
27531,454.0
27532,813.0
27533,946.0
27534,318.0
27535,997.0
27536,68.0
27537,49.0
27538,557.0
27539,308.0
27540,989.0
27541,42.0
27542,318.0
27543,19.0
27544,8.0
27545,317.0
27546,392.0
27547,909.0
27548,635.0
27549,832.0
27550,59.0
27551,158.0
27552,49.0
27553,213.0
27554,49.0
27555,264.0
27556,75.0
27557,273.0
27558,120.0
27559,928.0
27560,785.0
27561,168.0
27562,177.0
27563,75.0
27564,813.0
27565,970.0
27566,984.0
27567,662.0
27568,656.0
27569,823.0
27570,41.0
27571,213.0
27572,445.0
27573,13.0
27574,371.0
27575,924.0
27576,815.0
27577,75.0
27578,902.0
27579,575.0
27580,305.0
27581,319.0
27582,405.0
27583,468.0
27584,48.0
27585,970.0
27586,213.0
27587,405.0
27588,361.0
27589,305.0
27590,924.0
27591,274.0
27592,620.0
27593,213.0
27594,405.0
27595,474.0
27596,917.0
27597,324.0
27598,831.0
27599,970.0
27600,559.0
27601,200.0
27602,917.0
27603,149.0
27604,620.0
27605,213.0
27606,529.0
27607,866.0
27608,138.0
27609,41.0
27610,75.0
27611,884.0
27612,784.0
27613,445.0
27614,558.0
27615,886.0
27616,251.0
27617,75.0
27618,924.0
27619,406.0
27620,13.0
27621,406.0
27622,361.0
27623,970.0
27624,432.0
27625,445.0
27626,909.0
27627,917.0
27628,984.0
27629,775.0
27630,465.0
27631,317.0
27632,575.0
27633,912.0
27634,813.0
27635,924.0
27636,193.0
27637,815.0
27638,41.0
27639,707.0
27640,924.0
27641,251.0
27642,317.0
27643,909.0
27644,139.0
27645,407.0
27646,813.0
27647,65.0
27648,213.0
27649,305.0
27650,495.0
27651,251.0
27652,75.0
27653,462.0
27654,813.0
27655,615.0
27656,916.0
27657,49.0
27658,832.0
27659,454.0
27660,392.0
27661,402.0
27662,125.0
27663,317.0
27664,913.0
27665,200.0
27666,913.0
27667,317.0
27668,361.0
27669,707.0
27670,213.0
27671,405.0
27672,866.0
27673,454.0
27674,49.0
27675,213.0
27676,149.0
27677,580.0
27678,821.0
27679,997.0
27680,946.0
27681,151.0
27682,921.0
27683,812.0
27684,245.0
27685,916.0
27686,104.0
27687,50.0
27688,183.0
27689,358.0
27690,245.0
27691,213.0
27692,584.0
27693,125.0
27694,866.0
27695,924.0
27696,866.0
27697,48.0
27698,177.0
27699,586.0
27700,75.0
27701,445.0
27702,27.0
27703,983.0
27704,813.0
27705,83.0
27706,251.0
27707,839.0
27708,9.0
27709,997.0
27710,54.0
27711,921.0
27712,49.0
27713,48.0
27714,213.0
27715,939.0
27716,902.0
27717,832.0
27718,352.0
27719,130.0
27720,104.0
27721,343.0
27722,405.0
27723,884.0
27724,213.0
27725,213.0
27726,439.0
27727,325.0
27728,468.0
27729,405.0
27730,68.0
27731,352.0
27732,891.0
27733,707.0
27734,49.0
27735,655.0
27736,408.0
27737,352.0
27738,498.0
27739,213.0
27740,839.0
27741,855.0
27742,149.0
27743,733.0
27744,19.0
27745,813.0
27746,409.0
27747,997.0
27748,535.0
27749,256.0
27750,917.0
27751,193.0
27752,139.0
27753,13.0
27754,924.0
27755,120.0
27756,924.0
27757,733.0
27758,149.0
27759,823.0
27760,151.0
27761,445.0
27762,193.0
27763,495.0
27764,168.0
27765,262.0
27766,317.0
27767,660.0
27768,439.0
27769,90.0
27770,598.0
27771,809.0
27772,290.0
27773,771.0
27774,405.0
27775,508.0
27776,305.0
27777,917.0
27778,924.0
27779,48.0
27780,661.0
27781,586.0
27782,104.0
27783,213.0
27784,470.0
27785,149.0
27786,909.0
27787,406.0
27788,505.0
27789,48.0
27790,213.0
27791,812.0
27792,733.0
27793,273.0
27794,762.0
27795,213.0
27796,59.0
27797,361.0
27798,924.0
27799,989.0
27800,913.0
27801,913.0
27802,884.0
27803,305.0
27804,821.0
27805,445.0
27806,533.0
27807,75.0
27808,580.0
27809,815.0
27810,305.0
27811,470.0
27812,354.0
27813,454.0
27814,533.0
27815,68.0
27816,49.0
27817,803.0
27818,584.0
27819,609.0
27820,882.0
27821,813.0
27822,213.0
27823,307.0
27824,102.0
27825,660.0
27826,445.0
27827,317.0
27828,59.0
27829,570.0
27830,974.0
27831,846.0
27832,139.0
27833,924.0
27834,575.0
27835,361.0
27836,13.0
27837,406.0
27838,815.0
27839,974.0
27840,202.0
27841,255.0
27842,50.0
27843,832.0
27844,977.0
27845,890.0
27846,813.0
27847,255.0
27848,432.0
27849,305.0
27850,391.0
27851,139.0
27852,489.0
27853,665.0
27854,193.0
27855,307.0
27856,924.0
27857,138.0
27858,559.0
27859,543.0
27860,803.0
27861,575.0
27862,27.0
27863,168.0
27864,831.0
27865,815.0
27866,960.0
27867,213.0
27868,213.0
27869,405.0
27870,454.0
27871,815.0
27872,970.0
27873,48.0
27874,13.0
27875,454.0
27876,94.0
27877,917.0
27878,48.0
27879,445.0
27880,884.0
27881,318.0
27882,553.0
27883,361.0
27884,41.0
27885,168.0
27886,891.0
27887,662.0
27888,789.0
27889,41.0
27890,213.0
27891,445.0
27892,317.0
27893,997.0
27894,405.0
27895,660.0
27896,924.0
27897,866.0
27898,815.0
27899,929.0
27900,660.0
27901,553.0
27902,635.0
27903,832.0
27904,176.0
27905,917.0
27906,13.0
27907,813.0
27908,984.0
27909,813.0
27910,580.0
27911,168.0
27912,41.0
27913,317.0
27914,946.0
27915,660.0
27916,168.0
27917,613.0
27918,375.0
27919,29.0
27920,149.0
27921,130.0
27922,111.0
27923,405.0
27924,455.0
27925,391.0
27926,884.0
27927,946.0
27928,812.0
27929,13.0
27930,391.0
27931,388.0
27932,454.0
27933,809.0
27934,939.0
27935,813.0
27936,916.0
27937,274.0
27938,305.0
27939,543.0
27940,767.0
27941,713.0
27942,168.0
27943,884.0
27944,213.0
27945,251.0
27946,832.0
27947,68.0
27948,13.0
27949,924.0
27950,974.0
27951,41.0
27952,455.0
27953,909.0
27954,597.0
27955,48.0
27956,916.0
27957,917.0
27958,405.0
27959,585.0
27960,41.0
27961,54.0
27962,813.0
27963,928.0
27964,198.0
27965,445.0
27966,823.0
27967,615.0
27968,601.0
27969,997.0
27970,823.0
27971,168.0
27972,120.0
27973,1.0
27974,251.0
27975,607.0
27976,813.0
27977,916.0
27978,307.0
27979,627.0
27980,661.0
27981,598.0
27982,928.0
27983,884.0
27984,118.0
27985,917.0
27986,294.0
27987,575.0
27988,499.0
27989,307.0
27990,41.0
27991,445.0
27992,543.0
27993,866.0
27994,68.0
27995,370.0
27996,446.0
27997,586.0
27998,580.0
27999,974.0
28000,9.0
28001,575.0
28002,594.0
28003,213.0
28004,813.0
28005,454.0
28006,440.0
28007,94.0
28008,917.0
28009,813.0
28010,130.0
28011,130.0
28012,989.0
28013,534.0
28014,618.0
28015,779.0
28016,884.0
28017,821.0
28018,989.0
28019,213.0
28020,440.0
28021,216.0
28022,49.0
28023,756.0
28024,977.0
28025,251.0
28026,543.0
28027,924.0
28028,997.0
28029,208.0
28030,891.0
28031,255.0
28032,991.0
28033,118.0
28034,924.0
28035,213.0
28036,984.0
28037,597.0
28038,946.0
28039,855.0
28040,13.0
28041,928.0
28042,970.0
28043,445.0
28044,310.0
28045,660.0
28046,498.0
28047,533.0
28048,266.0
28049,413.0
28050,813.0
28051,662.0
28052,924.0
28053,325.0
28054,880.0
28055,559.0
28056,924.0
28057,168.0
28058,130.0
28059,924.0
28060,917.0
28061,445.0
28062,665.0
28063,746.0
28064,997.0
28065,580.0
28066,217.0
28067,813.0
28068,70.0
28069,813.0
28070,49.0
28071,255.0
28072,971.0
28073,834.0
28074,984.0
28075,917.0
28076,813.0
28077,127.0
28078,361.0
28079,251.0
28080,974.0
28081,213.0
28082,660.0
28083,762.0
28084,139.0
28085,130.0
28086,180.0
28087,512.0
28088,330.0
28089,921.0
28090,352.0
28091,995.0
28092,558.0
28093,569.0
28094,559.0
28095,49.0
28096,928.0
28097,48.0
28098,575.0
28099,41.0
28100,569.0
28101,358.0
28102,213.0
28103,489.0
28104,909.0
28105,317.0
28106,1.0
28107,305.0
28108,661.0
28109,445.0
28110,274.0
28111,651.0
28112,866.0
28113,785.0
28114,924.0
28115,213.0
28116,1.0
28117,361.0
28118,445.0
28119,352.0
28120,454.0
28121,489.0
28122,832.0
28123,831.0
28124,213.0
28125,454.0
28126,310.0
28127,533.0
28128,917.0
28129,130.0
28130,213.0
28131,440.0
28132,891.0
28133,946.0
28134,68.0
28135,78.0
28136,9.0
28137,886.0
28138,580.0
28139,575.0
28140,620.0
28141,970.0
28142,213.0
28143,354.0
28144,216.0
28145,627.0
28146,405.0
28147,406.0
28148,846.0
28149,746.0
28150,884.0
28151,512.0
28152,924.0
28153,660.0
28154,551.0
28155,909.0
28156,25.0
28157,75.0
28158,405.0
28159,213.0
28160,648.0
28161,49.0
28162,777.0
28163,213.0
28164,125.0
28165,917.0
28166,180.0
28167,586.0
28168,580.0
28169,368.0
28170,984.0
28171,721.0
28172,601.0
28173,512.0
28174,734.0
28175,317.0
28176,756.0
28177,580.0
28178,361.0
28179,798.0
28180,217.0
28181,75.0
28182,50.0
28183,325.0
28184,628.0
28185,815.0
28186,41.0
28187,317.0
28188,561.0
28189,13.0
28190,890.0
28191,575.0
28192,75.0
28193,660.0
28194,330.0
28195,213.0
28196,955.0
28197,75.0
28198,884.0
28199,305.0
28200,120.0
28201,41.0
28202,738.0
28203,839.0
28204,310.0
28205,541.0
28206,48.0
28207,54.0
28208,405.0
28209,909.0
28210,997.0
28211,939.0
28212,989.0
28213,361.0
28214,149.0
28215,756.0
28216,813.0
28217,921.0
28218,138.0
28219,575.0
28220,445.0
28221,917.0
28222,718.0
28223,767.0
28224,512.0
28225,310.0
28226,813.0
28227,909.0
28228,917.0
28229,891.0
28230,974.0
28231,733.0
28232,886.0
28233,939.0
28234,815.0
28235,984.0
28236,498.0
28237,813.0
28238,928.0
28239,813.0
28240,812.0
28241,997.0
28242,772.0
28243,811.0
28244,440.0
28245,468.0
28246,330.0
28247,813.0
28248,665.0
28249,216.0
28250,974.0
28251,324.0
28252,307.0
28253,445.0
28254,317.0
28255,474.0
28256,352.0
28257,928.0
28258,974.0
28259,866.0
28260,738.0
28261,213.0
28262,946.0
28263,13.0
28264,917.0
28265,815.0
28266,813.0
28267,580.0
28268,575.0
28269,559.0
28270,94.0
28271,468.0
28272,971.0
28273,946.0
28274,370.0
28275,144.0
28276,639.0
28277,149.0
28278,543.0
28279,13.0
28280,251.0
28281,661.0
28282,924.0
28283,928.0
28284,330.0
28285,213.0
28286,318.0
28287,917.0
28288,660.0
28289,9.0
28290,360.0
28291,928.0
28292,813.0
28293,352.0
28294,213.0
28295,846.0
28296,970.0
28297,138.0
28298,891.0
28299,13.0
28300,180.0
28301,163.0
28302,361.0
28303,224.0
28304,49.0
28305,330.0
28306,9.0
28307,130.0
28308,909.0
28309,578.0
28310,136.0
28311,627.0
28312,454.0
28313,262.0
28314,168.0
28315,262.0
28316,660.0
28317,767.0
28318,352.0
28319,829.0
28320,216.0
28321,909.0
28322,290.0
28323,432.0
28324,83.0
28325,928.0
28326,405.0
28327,149.0
28328,13.0
28329,445.0
28330,813.0
28331,541.0
28332,813.0
28333,168.0
28334,846.0
28335,829.0
28336,798.0
28337,989.0
28338,59.0
28339,499.0
28340,924.0
28341,251.0
28342,48.0
28343,294.0
28344,813.0
28345,924.0
28346,352.0
28347,832.0
28348,772.0
28349,855.0
28350,439.0
28351,559.0
28352,997.0
28353,527.0
28354,216.0
28355,915.0
28356,866.0
28357,512.0
28358,264.0
28359,756.0
28360,144.0
28361,48.0
28362,317.0
28363,213.0
28364,149.0
28365,13.0
28366,928.0
28367,41.0
28368,50.0
28369,924.0
28370,139.0
28371,884.0
28372,213.0
28373,866.0
28374,543.0
28375,317.0
28376,562.0
28377,917.0
28378,213.0
28379,803.0
28380,832.0
28381,168.0
28382,974.0
28383,319.0
28384,909.0
28385,50.0
28386,928.0
28387,262.0
28388,559.0
28389,125.0
28390,354.0
28391,439.0
28392,130.0
28393,361.0
28394,813.0
28395,9.0
28396,613.0
28397,970.0
28398,584.0
28399,585.0
28400,454.0
28401,984.0
28402,8.0
28403,361.0
28404,361.0
28405,917.0
28406,149.0
28407,75.0
28408,354.0
28409,59.0
28410,134.0
28411,580.0
28412,946.0
28413,319.0
28414,917.0
28415,533.0
28416,251.0
28417,795.0
28418,454.0
28419,183.0
28420,120.0
28421,318.0
28422,375.0
28423,405.0
28424,909.0
28425,168.0
28426,307.0
28427,127.0
28428,880.0
28429,813.0
28430,627.0
28431,125.0
28432,307.0
28433,984.0
28434,99.0
28435,149.0
28436,462.0
28437,42.0
28438,363.0
28439,68.0
28440,489.0
28441,939.0
28442,615.0
28443,384.0
28444,317.0
28445,168.0
28446,775.0
28447,130.0
28448,775.0
28449,75.0
28450,559.0
28451,598.0
28452,543.0
28453,42.0
28454,939.0
28455,909.0
28456,354.0
28457,635.0
28458,512.0
28459,559.0
28460,193.0
28461,50.0
28462,989.0
28463,846.0
28464,921.0
28465,597.0
28466,49.0
28467,597.0
28468,811.0
28469,405.0
28470,580.0
28471,213.0
28472,198.0
28473,317.0
28474,905.0
28475,928.0
28476,924.0
28477,441.0
28478,216.0
28479,928.0
28480,973.0
28481,813.0
28482,917.0
28483,656.0
28484,217.0
28485,979.0
28486,324.0
28487,213.0
28488,49.0
28489,839.0
28490,720.0
28491,832.0
28492,266.0
28493,353.0
28494,585.0
28495,130.0
28496,643.0
28497,974.0
28498,627.0
28499,655.0
28500,405.0
28501,213.0
28502,264.0
28503,42.0
28504,317.0
28505,168.0
28506,19.0
28507,465.0
28508,25.0
28509,8.0
28510,454.0
28511,581.0
28512,251.0
28513,41.0
28514,361.0
28515,866.0
28516,767.0
28517,200.0
28518,361.0
28519,688.0
28520,42.0
28521,866.0
28522,720.0
28523,924.0
28524,627.0
28525,832.0
28526,832.0
28527,660.0
28528,846.0
28529,353.0
28530,733.0
28531,891.0
28532,168.0
28533,534.0
28534,924.0
28535,213.0
28536,997.0
28537,512.0
28538,213.0
28539,720.0
28540,197.0
28541,580.0
28542,361.0
28543,202.0
28544,168.0
28545,59.0
28546,317.0
28547,623.0
28548,813.0
28549,445.0
28550,543.0
28551,533.0
28552,598.0
28553,454.0
28554,960.0
28555,440.0
28556,809.0
28557,445.0
28558,677.0
28559,662.0
28560,512.0
28561,50.0
28562,946.0
28563,597.0
28564,890.0
28565,997.0
28566,813.0
28567,310.0
28568,559.0
28569,13.0
28570,9.0
28571,913.0
28572,803.0
28573,78.0
28574,213.0
28575,273.0
28576,997.0
28577,995.0
28578,445.0
28579,130.0
28580,974.0
28581,213.0
28582,543.0
28583,946.0
28584,884.0
28585,913.0
28586,59.0
28587,70.0
28588,665.0
28589,445.0
28590,997.0
28591,575.0
28592,13.0
28593,13.0
28594,660.0
28595,405.0
28596,706.0
28597,884.0
28598,213.0
28599,68.0
28600,813.0
28601,909.0
28602,917.0
28603,305.0
28604,445.0
28605,627.0
28606,489.0
28607,840.0
28608,871.0
28609,138.0
28610,30.0
28611,917.0
28612,677.0
28613,138.0
28614,767.0
28615,75.0
28616,49.0
28617,585.0
28618,255.0
28619,559.0
28620,620.0
28621,725.0
28622,974.0
28623,445.0
28624,946.0
28625,213.0
28626,997.0
28627,405.0
28628,255.0
28629,909.0
28630,660.0
28631,305.0
28632,130.0
28633,916.0
28634,168.0
28635,445.0
28636,59.0
28637,305.0
28638,13.0
28639,891.0
28640,813.0
28641,924.0
28642,317.0
28643,49.0
28644,266.0
28645,448.0
28646,13.0
28647,917.0
28648,213.0
28649,584.0
28650,627.0
28651,149.0
28652,831.0
28653,445.0
28654,832.0
28655,216.0
28656,946.0
28657,25.0
28658,405.0
28659,68.0
28660,160.0
28661,928.0
28662,974.0
28663,94.0
28664,813.0
28665,120.0
28666,527.0
28667,533.0
28668,352.0
28669,274.0
28670,127.0
28671,59.0
28672,823.0
28673,813.0
28674,454.0
28675,823.0
28676,305.0
28677,733.0
28678,924.0
28679,660.0
28680,559.0
28681,289.0
28682,815.0
28683,627.0
28684,405.0
28685,813.0
28686,454.0
28687,997.0
28688,928.0
28689,752.0
28690,924.0
28691,41.0
28692,307.0
28693,812.0
28694,882.0
28695,29.0
28696,343.0
28697,831.0
28698,324.0
28699,352.0
28700,924.0
28701,405.0
28702,255.0
28703,25.0
28704,104.0
28705,916.0
28706,168.0
28707,134.0
28708,971.0
28709,405.0
28710,49.0
28711,405.0
28712,318.0
28713,928.0
28714,832.0
28715,489.0
28716,49.0
28717,955.0
28718,767.0
28719,75.0
28720,193.0
28721,325.0
28722,989.0
28723,789.0
28724,361.0
28725,104.0
28726,813.0
28727,213.0
28728,99.0
28729,361.0
28730,489.0
28731,627.0
28732,720.0
28733,928.0
28734,823.0
28735,916.0
28736,39.0
28737,406.0
28738,273.0
28739,575.0
28740,504.0
28741,866.0
28742,924.0
28743,529.0
28744,213.0
28745,251.0
28746,823.0
28747,213.0
28748,290.0
28749,138.0
28750,13.0
28751,660.0
28752,489.0
28753,302.0
28754,984.0
28755,391.0
28756,307.0
28757,149.0
28758,68.0
28759,762.0
28760,213.0
28761,823.0
28762,660.0
28763,120.0
28764,305.0
28765,974.0
28766,572.0
28767,517.0
28768,75.0
28769,660.0
28770,924.0
28771,130.0
28772,149.0
28773,75.0
28774,917.0
28775,924.0
28776,921.0
28777,627.0
28778,247.0
28779,813.0
28780,928.0
28781,884.0
28782,454.0
28783,504.0
28784,405.0
28785,627.0
28786,997.0
28787,575.0
28788,97.0
28789,59.0
28790,569.0
28791,580.0
28792,813.0
28793,317.0
28794,928.0
28795,997.0
28796,839.0
28797,713.0
28798,882.0
28799,970.0
28800,213.0
28801,884.0
28802,49.0
28803,832.0
28804,130.0
28805,915.0
28806,829.0
28807,75.0
28808,213.0
28809,713.0
28810,168.0
28811,180.0
28812,916.0
28813,49.0
28814,989.0
28815,49.0
28816,75.0
28817,970.0
28818,939.0
28819,823.0
28820,305.0
28821,971.0
28822,138.0
28823,984.0
28824,317.0
28825,25.0
28826,49.0
28827,213.0
28828,454.0
28829,213.0
28830,916.0
28831,361.0
28832,660.0
28833,151.0
28834,193.0
28835,580.0
28836,866.0
28837,361.0
28838,358.0
28839,393.0
28840,921.0
28841,13.0
28842,294.0
28843,895.0
28844,505.0
28845,251.0
28846,216.0
28847,924.0
28848,855.0
28849,767.0
28850,200.0
28851,9.0
28852,946.0
28853,324.0
28854,498.0
28855,200.0
28856,895.0
28857,251.0
28858,41.0
28859,49.0
28860,75.0
28861,330.0
28862,909.0
28863,213.0
28864,454.0
28865,580.0
28866,882.0
28867,812.0
28868,474.0
28869,180.0
28870,895.0
28871,839.0
28872,946.0
28873,989.0
28874,580.0
28875,130.0
28876,846.0
28877,983.0
28878,912.0
28879,924.0
28880,866.0
28881,832.0
28882,823.0
28883,324.0
28884,997.0
28885,813.0
28886,405.0
28887,13.0
28888,130.0
28889,575.0
28890,468.0
28891,213.0
28892,330.0
28893,839.0
28894,67.0
28895,130.0
28896,406.0
28897,41.0
28898,489.0
28899,1.0
28900,264.0
28901,660.0
28902,984.0
28903,580.0
28904,324.0
28905,928.0
28906,361.0
28907,48.0
28908,405.0
28909,580.0
28910,928.0
28911,213.0
28912,168.0
28913,94.0
28914,454.0
28915,130.0
28916,177.0
28917,213.0
28918,533.0
28919,454.0
28920,569.0
28921,130.0
28922,846.0
28923,660.0
28924,924.0
28925,846.0
28926,580.0
28927,997.0
28928,251.0
28929,623.0
28930,585.0
28931,997.0
28932,512.0
28933,75.0
28934,361.0
28935,343.0
28936,440.0
28937,324.0
28938,213.0
28939,127.0
28940,262.0
28941,361.0
28942,149.0
28943,866.0
28944,357.0
28945,895.0
28946,929.0
28947,997.0
28948,997.0
28949,125.0
28950,193.0
28951,168.0
28952,318.0
28953,264.0
28954,354.0
28955,19.0
28956,917.0
28957,54.0
28958,317.0
28959,59.0
28960,454.0
28961,213.0
28962,512.0
28963,439.0
28964,997.0
28965,580.0
28966,789.0
28967,884.0
28968,13.0
28969,821.0
28970,213.0
28971,468.0
28972,543.0
28973,49.0
28974,292.0
28975,713.0
28976,917.0
28977,213.0
28978,594.0
28979,660.0
28980,200.0
28981,551.0
28982,83.0
28983,580.0
28984,130.0
28985,317.0
28986,455.0
28987,654.0
28988,823.0
28989,580.0
28990,654.0
28991,984.0
28992,756.0
28993,924.0
28994,354.0
28995,533.0
28996,213.0
28997,916.0
28998,454.0
28999,130.0
29000,997.0
29001,266.0
29002,586.0
29003,49.0
29004,325.0
29005,543.0
29006,909.0
29007,839.0
29008,688.0
29009,939.0
29010,440.0
29011,570.0
29012,832.0
29013,569.0
29014,251.0
29015,653.0
29016,361.0
29017,317.0
29018,352.0
29019,924.0
29020,440.0
29021,971.0
29022,884.0
29023,946.0
29024,13.0
29025,534.0
29026,660.0
29027,455.0
29028,213.0
29029,866.0
29030,405.0
29031,130.0
29032,213.0
29033,68.0
29034,168.0
29035,274.0
29036,183.0
29037,639.0
29038,347.0
29039,601.0
29040,762.0
29041,921.0
29042,813.0
29043,149.0
29044,924.0
29045,405.0
29046,884.0
29047,361.0
29048,974.0
29049,917.0
29050,762.0
29051,980.0
29052,200.0
29053,928.0
29054,180.0
29055,795.0
29056,501.0
29057,989.0
29058,813.0
29059,405.0
29060,891.0
29061,130.0
29062,970.0
29063,317.0
29064,67.0
29065,960.0
29066,627.0
29067,912.0
29068,179.0
29069,489.0
29070,997.0
29071,971.0
29072,803.0
29073,846.0
29074,580.0
29075,127.0
29076,405.0
29077,778.0
29078,777.0
29079,104.0
29080,168.0
29081,13.0
29082,168.0
29083,866.0
29084,111.0
29085,200.0
29086,890.0
29087,213.0
29088,982.0
29089,533.0
29090,213.0
29091,13.0
29092,660.0
29093,213.0
29094,307.0
29095,213.0
29096,213.0
29097,971.0
29098,627.0
29099,120.0
29100,997.0
29101,405.0
29102,813.0
29103,94.0
29104,36.0
29105,255.0
29106,884.0
29107,891.0
29108,50.0
29109,627.0
29110,909.0
29111,839.0
29112,897.0
29113,798.0
29114,809.0
29115,9.0
29116,120.0
29117,160.0
29118,984.0
29119,149.0
29120,720.0
29121,655.0
29122,846.0
29123,921.0
29124,924.0
29125,381.0
29126,762.0
29127,317.0
29128,343.0
29129,49.0
29130,49.0
29131,623.0
29132,213.0
29133,168.0
29134,575.0
29135,41.0
29136,445.0
29137,585.0
29138,813.0
29139,143.0
29140,597.0
29141,49.0
29142,406.0
29143,317.0
29144,752.0
29145,813.0
29146,813.0
29147,149.0
29148,130.0
29149,318.0
29150,352.0
29151,294.0
29152,570.0
29153,6.0
29154,597.0
29155,330.0
29156,928.0
29157,495.0
29158,815.0
29159,832.0
29160,130.0
29161,50.0
29162,166.0
29163,213.0
29164,661.0
29165,149.0
29166,347.0
29167,49.0
29168,909.0
29169,974.0
29170,251.0
29171,149.0
29172,823.0
29173,905.0
29174,575.0
29175,99.0
29176,305.0
29177,813.0
29178,512.0
29179,832.0
29180,813.0
29181,462.0
29182,118.0
29183,134.0
29184,861.0
29185,99.0
29186,928.0
29187,67.0
29188,405.0
29189,198.0
29190,168.0
29191,905.0
29192,251.0
29193,318.0
29194,989.0
29195,213.0
29196,928.0
29197,924.0
29198,891.0
29199,213.0
29200,946.0
29201,432.0
29202,454.0
29203,928.0
29204,371.0
29205,352.0
29206,325.0
29207,41.0
29208,67.0
29209,120.0
29210,839.0
29211,49.0
29212,49.0
29213,130.0
29214,75.0
29215,813.0
29216,168.0
29217,406.0
29218,779.0
29219,543.0
29220,325.0
29221,720.0
29222,213.0
29223,527.0
29224,361.0
29225,497.0
29226,984.0
29227,924.0
29228,924.0
29229,361.0
29230,180.0
29231,245.0
29232,361.0
29233,13.0
29234,406.0
29235,310.0
29236,324.0
29237,168.0
29238,813.0
29239,820.0
29240,255.0
29241,655.0
29242,909.0
29243,575.0
29244,909.0
29245,512.0
29246,989.0
29247,855.0
29248,997.0
29249,684.0
29250,762.0
29251,213.0
29252,946.0
29253,846.0
29254,832.0
29255,49.0
29256,815.0
29257,857.0
29258,815.0
29259,924.0
29260,946.0
29261,527.0
29262,381.0
29263,813.0
29264,632.0
29265,130.0
29266,120.0
29267,168.0
29268,405.0
29269,569.0
29270,489.0
29271,213.0
29272,924.0
29273,939.0
29274,317.0
29275,371.0
29276,474.0
29277,202.0
29278,264.0
29279,200.0
29280,310.0
29281,557.0
29282,991.0
29283,812.0
29284,405.0
29285,405.0
29286,660.0
29287,213.0
29288,543.0
29289,41.0
29290,628.0
29291,928.0
29292,862.0
29293,924.0
29294,813.0
29295,917.0
29296,13.0
29297,102.0
29298,330.0
29299,468.0
29300,13.0
29301,262.0
29302,533.0
29303,575.0
29304,213.0
29305,813.0
29306,139.0
29307,921.0
29308,405.0
29309,318.0
29310,405.0
29311,9.0
29312,997.0
29313,534.0
29314,440.0
29315,718.0
29316,569.0
29317,846.0
29318,891.0
29319,149.0
29320,926.0
29321,499.0
29322,49.0
29323,785.0
29324,928.0
29325,445.0
29326,213.0
29327,928.0
29328,866.0
29329,987.0
29330,361.0
29331,251.0
29332,391.0
29333,917.0
29334,924.0
29335,213.0
29336,946.0
29337,839.0
29338,294.0
29339,317.0
29340,50.0
29341,989.0
29342,543.0
29343,615.0
29344,197.0
29345,917.0
29346,973.0
29347,347.0
29348,436.0
29349,767.0
29350,497.0
29351,813.0
29352,909.0
29353,41.0
29354,149.0
29355,75.0
29356,821.0
29357,977.0
29358,305.0
29359,361.0
29360,785.0
29361,239.0
29362,928.0
29363,405.0
29364,305.0
29365,245.0
29366,917.0
29367,811.0
29368,924.0
29369,361.0
29370,939.0
29371,213.0
29372,813.0
29373,445.0
29374,572.0
29375,354.0
29376,440.0
29377,656.0
29378,405.0
29379,916.0
29380,213.0
29381,213.0
29382,445.0
29383,832.0
29384,130.0
29385,924.0
29386,75.0
29387,924.0
29388,361.0
29389,213.0
29390,575.0
29391,213.0
29392,59.0
29393,955.0
29394,512.0
29395,48.0
29396,543.0
29397,721.0
29398,130.0
29399,767.0
29400,813.0
29401,720.0
29402,1.0
29403,213.0
29404,193.0
29405,352.0
29406,924.0
29407,168.0
29408,813.0
29409,361.0
29410,393.0
29411,168.0
29412,325.0
29413,489.0
29414,601.0
29415,831.0
29416,834.0
29417,317.0
29418,997.0
29419,213.0
29420,19.0
29421,660.0
29422,813.0
29423,891.0
29424,917.0
29425,917.0
29426,13.0
29427,255.0
29428,823.0
29429,13.0
29430,13.0
29431,130.0
29432,48.0
29433,49.0
29434,213.0
29435,305.0
29436,989.0
29437,213.0
29438,363.0
29439,193.0
29440,54.0
29441,361.0
29442,213.0
29443,813.0
29444,94.0
29445,168.0
29446,50.0
29447,575.0
29448,75.0
29449,318.0
29450,738.0
29451,570.0
29452,213.0
29453,405.0
29454,821.0
29455,916.0
29456,575.0
29457,884.0
29458,213.0
29459,454.0
29460,307.0
29461,813.0
29462,984.0
29463,370.0
29464,325.0
29465,75.0
29466,29.0
29467,213.0
29468,352.0
29469,125.0
29470,839.0
29471,813.0
29472,49.0
29473,425.0
29474,273.0
29475,325.0
29476,48.0
29477,213.0
29478,168.0
29479,813.0
29480,877.0
29481,251.0
29482,445.0
29483,405.0
29484,895.0
29485,813.0
29486,440.0
29487,213.0
29488,639.0
29489,393.0
29490,660.0
29491,193.0
29492,984.0
29493,130.0
29494,798.0
29495,580.0
29496,832.0
29497,832.0
29498,656.0
29499,504.0
29500,406.0
29501,909.0
29502,120.0
29503,891.0
29504,343.0
29505,527.0
29506,960.0
29507,984.0
29508,454.0
29509,924.0
29510,439.0
29511,561.0
29512,251.0
29513,120.0
29514,997.0
29515,946.0
29516,926.0
29517,75.0
29518,575.0
29519,880.0
29520,584.0
29521,499.0
29522,120.0
29523,49.0
29524,305.0
29525,13.0
29526,813.0
29527,946.0
29528,179.0
29529,41.0
29530,720.0
29531,138.0
29532,924.0
29533,245.0
29534,216.0
29535,575.0
29536,213.0
29537,772.0
29538,255.0
29539,130.0
29540,213.0
29541,909.0
29542,897.0
29543,373.0
29544,928.0
29545,59.0
29546,527.0
29547,54.0
29548,575.0
29549,1.0
29550,762.0
29551,75.0
29552,832.0
29553,475.0
29554,580.0
29555,809.0
29556,13.0
29557,627.0
29558,251.0
29559,924.0
29560,813.0
29561,974.0
29562,75.0
29563,405.0
29564,924.0
29565,179.0
29566,361.0
29567,130.0
29568,67.0
29569,924.0
29570,358.0
29571,213.0
29572,960.0
29573,149.0
29574,834.0
29575,623.0
29576,352.0
29577,305.0
29578,912.0
29579,296.0
29580,529.0
29581,984.0
29582,909.0
29583,505.0
29584,354.0
29585,375.0
29586,813.0
29587,512.0
29588,762.0
29589,255.0
29590,924.0
29591,924.0
29592,19.0
29593,909.0
29594,213.0
29595,405.0
29596,921.0
29597,569.0
29598,627.0
29599,104.0
29600,915.0
29601,575.0
29602,75.0
29603,361.0
29604,213.0
29605,149.0
29606,125.0
29607,59.0
29608,39.0
29609,924.0
29610,832.0
29611,273.0
29612,866.0
29613,13.0
29614,361.0
29615,446.0
29616,143.0
29617,168.0
29618,928.0
29619,213.0
29620,251.0
29621,97.0
29622,505.0
29623,917.0
29624,725.0
29625,946.0
29626,559.0
29627,489.0
29628,59.0
29629,924.0
29630,213.0
29631,997.0
29632,557.0
29633,318.0
29634,262.0
29635,909.0
29636,1.0
29637,68.0
29638,557.0
29639,656.0
29640,855.0
29641,310.0
29642,575.0
29643,406.0
29644,897.0
29645,307.0
29646,41.0
29647,948.0
29648,878.0
29649,831.0
29650,41.0
29651,917.0
29652,49.0
29653,361.0
29654,104.0
29655,895.0
29656,294.0
29657,916.0
29658,924.0
29659,402.0
29660,127.0
29661,575.0
29662,575.0
29663,49.0
29664,168.0
29665,440.0
29666,660.0
29667,601.0
29668,971.0
29669,216.0
29670,168.0
29671,78.0
29672,997.0
29673,891.0
29674,813.0
29675,41.0
29676,65.0
29677,897.0
29678,984.0
29679,213.0
29680,575.0
29681,468.0
29682,939.0
29683,771.0
29684,13.0
29685,120.0
29686,9.0
29687,613.0
29688,75.0
29689,613.0
29690,125.0
29691,405.0
29692,42.0
29693,125.0
29694,149.0
29695,917.0
29696,928.0
29697,789.0
29698,193.0
29699,361.0
29700,198.0
29701,569.0
29702,361.0
29703,213.0
29704,213.0
29705,371.0
29706,813.0
29707,213.0
29708,891.0
29709,256.0
29710,317.0
29711,361.0
29712,559.0
29713,193.0
29714,627.0
29715,305.0
29716,439.0
29717,360.0
29718,352.0
29719,823.0
29720,49.0
29721,273.0
29722,405.0
29723,324.0
29724,130.0
29725,813.0
29726,655.0
29727,713.0
29728,149.0
29729,643.0
29730,305.0
29731,441.0
29732,149.0
29733,661.0
29734,909.0
29735,895.0
29736,831.0
29737,352.0
29738,75.0
29739,924.0
29740,193.0
29741,974.0
29742,213.0
29743,78.0
29744,405.0
29745,909.0
29746,183.0
29747,361.0
29748,324.0
29749,358.0
29750,984.0
29751,193.0
29752,935.0
29753,924.0
29754,440.0
29755,454.0
29756,168.0
29757,924.0
29758,812.0
29759,49.0
29760,149.0
29761,495.0
29762,445.0
29763,9.0
29764,929.0
29765,834.0
29766,470.0
29767,661.0
29768,391.0
29769,371.0
29770,54.0
29771,912.0
29772,305.0
29773,474.0
29774,193.0
29775,924.0
29776,823.0
29777,405.0
29778,404.0
29779,839.0
29780,361.0
29781,354.0
29782,928.0
29783,317.0
29784,104.0
29785,656.0
29786,813.0
29787,305.0
29788,361.0
29789,746.0
29790,823.0
29791,811.0
29792,762.0
29793,305.0
29794,815.0
29795,352.0
29796,405.0
29797,352.0
29798,454.0
29799,924.0
29800,330.0
29801,533.0
29802,928.0
29803,455.0
29804,305.0
29805,343.0
29806,305.0
29807,406.0
29808,213.0
29809,575.0
29810,928.0
29811,75.0
29812,213.0
29813,305.0
29814,94.0
29815,75.0
29816,924.0
29817,41.0
29818,177.0
29819,721.0
29820,813.0
29821,565.0
29822,83.0
29823,623.0
29824,130.0
29825,798.0
29826,255.0
29827,256.0
29828,405.0
29829,405.0
29830,120.0
29831,839.0
29832,543.0
29833,891.0
29834,405.0
29835,273.0
29836,445.0
29837,213.0
29838,813.0
29839,970.0
29840,404.0
29841,445.0
29842,264.0
29843,445.0
29844,660.0
29845,75.0
29846,909.0
29847,49.0
29848,924.0
29849,454.0
29850,928.0
29851,866.0
29852,909.0
29853,168.0
29854,916.0
29855,13.0
29856,49.0
29857,601.0
29858,584.0
29859,361.0
29860,832.0
29861,813.0
29862,289.0
29863,627.0
29864,655.0
29865,305.0
29866,720.0
29867,884.0
29868,445.0
29869,997.0
29870,193.0
29871,720.0
29872,917.0
29873,627.0
29874,866.0
29875,59.0
29876,557.0
29877,168.0
29878,924.0
29879,13.0
29880,823.0
29881,120.0
29882,575.0
29883,168.0
29884,924.0
29885,317.0
29886,16.0
29887,924.0
29888,317.0
29889,846.0
29890,130.0
29891,665.0
29892,580.0
29893,924.0
29894,813.0
29895,48.0
29896,558.0
29897,570.0
29898,474.0
29899,361.0
29900,997.0
29901,580.0
29902,916.0
29903,839.0
29904,273.0
29905,361.0
29906,78.0
29907,884.0
29908,713.0
29909,454.0
29910,924.0
29911,42.0
29912,59.0
29913,371.0
29914,997.0
29915,916.0
29916,815.0
29917,495.0
29918,915.0
29919,620.0
29920,512.0
29921,756.0
29922,789.0
29923,535.0
29924,130.0
29925,405.0
29926,405.0
29927,917.0
29928,928.0
29929,984.0
29930,347.0
29931,120.0
29932,405.0
29933,49.0
29934,813.0
29935,352.0
29936,405.0
29937,440.0
29938,1.0
29939,949.0
29940,661.0
29941,130.0
29942,527.0
29943,660.0
29944,884.0
29945,813.0
29946,912.0
29947,317.0
29948,251.0
29949,357.0
29950,974.0
29951,176.0
29952,393.0
29953,544.0
29954,984.0
29955,909.0
29956,149.0
29957,721.0
29958,361.0
29959,168.0
29960,946.0
29961,370.0
29962,921.0
29963,454.0
29964,997.0
29965,917.0
29966,75.0
29967,567.0
29968,330.0
29969,213.0
29970,884.0
29971,49.0
29972,445.0
29973,974.0
29974,48.0
29975,924.0
29976,1.0
29977,176.0
29978,102.0
29979,454.0
29980,168.0
29981,813.0
29982,662.0
29983,813.0
29984,448.0
29985,997.0
29986,891.0
29987,813.0
29988,632.0
29989,974.0
29990,909.0
29991,41.0
29992,946.0
29993,504.0
29994,75.0
29995,317.0
29996,580.0
29997,720.0
29998,317.0
29999,474.0
30000,921.0
30001,370.0
30002,1.0
30003,318.0
30004,989.0
30005,134.0
30006,213.0
30007,405.0
30008,75.0
30009,149.0
30010,48.0
30011,909.0
30012,866.0
30013,41.0
30014,924.0
30015,924.0
30016,839.0
30017,785.0
30018,405.0
30019,916.0
30020,125.0
30021,361.0
30022,823.0
30023,997.0
30024,50.0
30025,489.0
30026,13.0
30027,68.0
30028,49.0
30029,533.0
30030,909.0
30031,213.0
30032,584.0
30033,789.0
30034,946.0
30035,946.0
30036,905.0
30037,13.0
30038,130.0
30039,882.0
30040,48.0
30041,832.0
30042,580.0
30043,924.0
30044,946.0
30045,264.0
30046,213.0
30047,974.0
30048,405.0
30049,597.0
30050,7.0
30051,813.0
30052,575.0
30053,559.0
30054,168.0
30055,580.0
30056,832.0
30057,660.0
30058,59.0
30059,862.0
30060,656.0
30061,317.0
30062,255.0
30063,924.0
30064,393.0
30065,454.0
30066,363.0
30067,504.0
30068,846.0
30069,857.0
30070,127.0
30071,866.0
30072,615.0
30073,94.0
30074,405.0
30075,580.0
30076,305.0
30077,924.0
30078,440.0
30079,179.0
30080,361.0
30081,913.0
30082,305.0
30083,832.0
30084,193.0
30085,405.0
30086,445.0
30087,970.0
30088,149.0
30089,168.0
30090,884.0
30091,974.0
30092,627.0
30093,216.0
30094,924.0
30095,909.0
30096,13.0
30097,83.0
30098,846.0
30099,59.0
30100,49.0
30101,405.0
30102,559.0
30103,94.0
30104,832.0
30105,970.0
30106,213.0
30107,454.0
30108,788.0
30109,970.0
30110,454.0
30111,789.0
30112,762.0
30113,351.0
30114,984.0
30115,13.0
30116,168.0
30117,559.0
30118,928.0
30119,580.0
30120,928.0
30121,262.0
30122,997.0
30123,67.0
30124,846.0
30125,251.0
30126,213.0
30127,125.0
30128,50.0
30129,543.0
30130,924.0
30131,912.0
30132,305.0
30133,823.0
30134,41.0
30135,97.0
30136,324.0
30137,660.0
30138,654.0
30139,216.0
30140,997.0
30141,862.0
30142,756.0
30143,149.0
30144,580.0
30145,213.0
30146,325.0
30147,660.0
30148,236.0
30149,979.0
30150,317.0
30151,352.0
30152,823.0
30153,489.0
30154,197.0
30155,789.0
30156,684.0
30157,813.0
30158,989.0
30159,50.0
30160,375.0
30161,660.0
30162,208.0
30163,213.0
30164,168.0
30165,575.0
30166,104.0
30167,928.0
30168,504.0
30169,213.0
30170,130.0
30171,924.0
30172,104.0
30173,317.0
30174,812.0
30175,405.0
30176,236.0
30177,375.0
30178,821.0
30179,823.0
30180,924.0
30181,921.0
30182,569.0
30183,832.0
30184,317.0
30185,78.0
30186,441.0
30187,49.0
30188,989.0
30189,924.0
30190,917.0
30191,557.0
30192,713.0
30193,891.0
30194,68.0
30195,180.0
30196,462.0
30197,41.0
30198,495.0
30199,974.0
30200,317.0
30201,570.0
30202,813.0
30203,534.0
30204,939.0
30205,213.0
30206,815.0
30207,997.0
30208,325.0
30209,572.0
30210,969.0
30211,138.0
30212,813.0
30213,829.0
30214,75.0
30215,75.0
30216,330.0
30217,405.0
30218,68.0
30219,405.0
30220,684.0
30221,143.0
30222,104.0
30223,83.0
30224,325.0
30225,971.0
30226,13.0
30227,512.0
30228,317.0
30229,130.0
30230,656.0
30231,846.0
30232,139.0
30233,984.0
30234,149.0
30235,495.0
30236,68.0
30237,166.0
30238,130.0
30239,13.0
30240,361.0
30241,891.0
30242,354.0
30243,130.0
30244,916.0
30245,575.0
30246,495.0
30247,615.0
30248,921.0
30249,130.0
30250,405.0
30251,946.0
30252,266.0
30253,866.0
30254,578.0
30255,987.0
30256,78.0
30257,405.0
30258,924.0
30259,974.0
30260,213.0
30261,628.0
30262,445.0
30263,104.0
30264,974.0
30265,620.0
30266,13.0
30267,352.0
30268,9.0
30269,213.0
30270,7.0
30271,820.0
30272,302.0
30273,352.0
30274,213.0
30275,684.0
30276,812.0
30277,392.0
30278,720.0
30279,924.0
30280,585.0
30281,789.0
30282,997.0
30283,684.0
30284,607.0
30285,361.0
30286,921.0
30287,632.0
30288,946.0
30289,130.0
30290,855.0
30291,495.0
30292,49.0
30293,635.0
30294,756.0
30295,601.0
30296,635.0
30297,884.0
30298,130.0
30299,324.0
30300,120.0
30301,839.0
30302,866.0
30303,41.0
30304,809.0
30305,19.0
30306,75.0
30307,149.0
30308,149.0
30309,305.0
30310,353.0
30311,498.0
30312,251.0
30313,49.0
30314,83.0
30315,839.0
30316,832.0
30317,501.0
30318,684.0
30319,468.0
30320,746.0
30321,213.0
30322,120.0
30323,41.0
30324,352.0
30325,543.0
30326,891.0
30327,970.0
30328,273.0
30329,660.0
30330,358.0
30331,627.0
30332,402.0
30333,813.0
30334,83.0
30335,929.0
30336,501.0
30337,474.0
30338,815.0
30339,213.0
30340,635.0
30341,974.0
30342,361.0
30343,324.0
30344,815.0
30345,127.0
30346,855.0
30347,512.0
30348,660.0
30349,70.0
30350,307.0
30351,890.0
30352,294.0
30353,213.0
30354,928.0
30355,13.0
30356,909.0
30357,924.0
30358,120.0
30359,149.0
30360,251.0
30361,813.0
30362,866.0
30363,580.0
30364,406.0
30365,866.0
30366,264.0
30367,738.0
30368,454.0
30369,48.0
30370,559.0
30371,354.0
30372,832.0
30373,168.0
30374,168.0
30375,984.0
30376,902.0
30377,13.0
30378,575.0
30379,310.0
30380,361.0
30381,455.0
30382,454.0
30383,855.0
30384,19.0
30385,839.0
30386,660.0
30387,405.0
30388,330.0
30389,149.0
30390,890.0
30391,917.0
30392,924.0
30393,9.0
30394,405.0
30395,448.0
30396,363.0
30397,120.0
30398,921.0
30399,59.0
30400,9.0
30401,795.0
30402,725.0
30403,361.0
30404,370.0
30405,448.0
30406,130.0
30407,68.0
30408,660.0
30409,371.0
30410,213.0
30411,440.0
30412,296.0
30413,48.0
30414,926.0
30415,655.0
30416,720.0
30417,977.0
30418,639.0
30419,809.0
30420,575.0
30421,104.0
30422,997.0
30423,543.0
30424,924.0
30425,713.0
30426,585.0
30427,813.0
30428,370.0
30429,305.0
30430,405.0
30431,823.0
30432,405.0
30433,197.0
30434,405.0
30435,1.0
30436,305.0
30437,262.0
30438,632.0
30439,202.0
30440,406.0
30441,984.0
30442,812.0
30443,405.0
30444,813.0
30445,324.0
30446,290.0
30447,13.0
30448,928.0
30449,789.0
30450,213.0
30451,846.0
30452,239.0
30453,855.0
30454,343.0
30455,970.0
30456,266.0
30457,984.0
30458,317.0
30459,909.0
30460,974.0
30461,49.0
30462,251.0
30463,255.0
30464,924.0
30465,59.0
30466,130.0
30467,580.0
30468,660.0
30469,839.0
30470,813.0
30471,846.0
30472,251.0
30473,846.0
30474,54.0
30475,974.0
30476,909.0
30477,474.0
30478,928.0
30479,445.0
30480,130.0
30481,134.0
30482,454.0
30483,980.0
30484,75.0
30485,193.0
30486,917.0
30487,48.0
30488,149.0
30489,405.0
30490,49.0
30491,213.0
30492,971.0
30493,49.0
30494,213.0
30495,468.0
30496,970.0
30497,946.0
30498,50.0
30499,406.0
30500,512.0
30501,909.0
30502,307.0
30503,168.0
30504,213.0
30505,41.0
30506,50.0
30507,924.0
30508,813.0
30509,68.0
30510,839.0
30511,813.0
30512,946.0
30513,866.0
30514,393.0
30515,143.0
30516,767.0
30517,454.0
30518,570.0
30519,891.0
30520,866.0
30521,971.0
30522,815.0
30523,200.0
30524,305.0
30525,721.0
30526,984.0
30527,1.0
30528,224.0
30529,361.0
30530,601.0
30531,1.0
30532,168.0
30533,149.0
30534,213.0
30535,41.0
30536,895.0
30537,445.0
30538,41.0
30539,251.0
30540,832.0
30541,49.0
30542,543.0
30543,361.0
30544,767.0
30545,168.0
30546,1.0
30547,553.0
30548,256.0
30549,575.0
30550,202.0
30551,558.0
30552,924.0
30553,436.0
30554,912.0
30555,580.0
30556,41.0
30557,454.0
30558,917.0
30559,832.0
30560,151.0
30561,317.0
30562,75.0
30563,197.0
30564,846.0
30565,266.0
30566,317.0
30567,48.0
30568,138.0
30569,255.0
30570,653.0
30571,905.0
30572,627.0
30573,352.0
30574,813.0
30575,946.0
30576,54.0
30577,527.0
30578,251.0
30579,307.0
30580,713.0
30581,149.0
30582,543.0
30583,767.0
30584,318.0
30585,569.0
30586,176.0
30587,609.0
30588,762.0
30589,580.0
30590,9.0
30591,924.0
30592,446.0
30593,120.0
30594,125.0
30595,83.0
30596,41.0
30597,139.0
30598,924.0
30599,352.0
30600,392.0
30601,273.0
30602,974.0
30603,474.0
30604,405.0
30605,388.0
30606,813.0
30607,798.0
30608,111.0
30609,166.0
30610,49.0
30611,391.0
30612,734.0
30613,213.0
30614,318.0
30615,813.0
30616,59.0
30617,120.0
30618,149.0
30619,168.0
30620,779.0
30621,733.0
30622,405.0
30623,928.0
30624,798.0
30625,909.0
30626,597.0
30627,317.0
30628,713.0
30629,307.0
30630,370.0
30631,974.0
30632,928.0
30633,149.0
30634,627.0
30635,928.0
30636,324.0
30637,168.0
30638,405.0
30639,445.0
30640,405.0
30641,924.0
30642,924.0
30643,495.0
30644,405.0
30645,627.0
30646,273.0
30647,134.0
30648,924.0
30649,352.0
30650,543.0
30651,251.0
30652,984.0
30653,813.0
30654,615.0
30655,517.0
30656,971.0
30657,41.0
30658,273.0
30659,354.0
30660,42.0
30661,884.0
30662,866.0
30663,41.0
30664,924.0
30665,575.0
30666,620.0
30667,125.0
30668,75.0
30669,553.0
30670,68.0
30671,324.0
30672,130.0
30673,48.0
30674,213.0
30675,264.0
30676,946.0
30677,317.0
30678,41.0
30679,924.0
30680,168.0
30681,49.0
30682,42.0
30683,48.0
30684,939.0
30685,921.0
30686,939.0
30687,569.0
30688,913.0
30689,354.0
30690,41.0
30691,928.0
30692,924.0
30693,813.0
30694,884.0
30695,75.0
30696,361.0
30697,798.0
30698,627.0
30699,884.0
30700,916.0
30701,262.0
30702,151.0
30703,973.0
30704,882.0
30705,354.0
30706,251.0
30707,718.0
30708,381.0
30709,921.0
30710,41.0
30711,361.0
30712,68.0
30713,317.0
30714,239.0
30715,251.0
30716,251.0
30717,713.0
30718,120.0
30719,909.0
30720,351.0
30721,905.0
30722,130.0
30723,721.0
30724,569.0
30725,627.0
30726,909.0
30727,609.0
30728,371.0
30729,352.0
30730,970.0
30731,198.0
30732,660.0
30733,615.0
30734,41.0
30735,251.0
30736,627.0
30737,707.0
30738,575.0
30739,924.0
30740,324.0
30741,984.0
30742,660.0
30743,78.0
30744,432.0
30745,392.0
30746,984.0
30747,213.0
30748,1.0
30749,125.0
30750,924.0
30751,445.0
30752,75.0
30753,1.0
30754,756.0
30755,575.0
30756,635.0
30757,405.0
30758,251.0
30759,305.0
30760,49.0
30761,543.0
30762,445.0
30763,575.0
30764,955.0
30765,104.0
30766,202.0
30767,529.0
30768,429.0
30769,68.0
30770,213.0
30771,445.0
30772,581.0
30773,660.0
30774,439.0
30775,627.0
30776,319.0
30777,884.0
30778,811.0
30779,193.0
30780,13.0
30781,628.0
30782,909.0
30783,36.0
30784,489.0
30785,902.0
30786,928.0
30787,236.0
30788,813.0
30789,405.0
30790,168.0
30791,166.0
30792,997.0
30793,352.0
30794,251.0
30795,661.0
30796,812.0
30797,660.0
30798,354.0
30799,969.0
30800,217.0
30801,928.0
30802,813.0
30803,149.0
30804,361.0
30805,917.0
30806,820.0
30807,1.0
30808,149.0
30809,813.0
30810,891.0
30811,9.0
30812,928.0
30813,239.0
30814,462.0
30815,916.0
30816,946.0
30817,49.0
30818,75.0
30819,501.0
30820,54.0
30821,984.0
30822,30.0
30823,984.0
30824,917.0
30825,149.0
30826,543.0
30827,585.0
30828,585.0
30829,352.0
30830,557.0
30831,405.0
30832,924.0
30833,575.0
30834,361.0
30835,68.0
30836,924.0
30837,213.0
30838,970.0
30839,788.0
30840,823.0
30841,445.0
30842,580.0
30843,202.0
30844,585.0
30845,987.0
30846,470.0
30847,580.0
30848,384.0
30849,615.0
30850,361.0
30851,41.0
30852,436.0
30853,405.0
30854,660.0
30855,75.0
30856,795.0
30857,915.0
30858,59.0
30859,580.0
30860,168.0
30861,909.0
30862,125.0
30863,543.0
30864,924.0
30865,371.0
30866,762.0
30867,924.0
30868,104.0
30869,916.0
30870,974.0
30871,445.0
30872,454.0
30873,168.0
30874,809.0
30875,371.0
30876,809.0
30877,59.0
30878,405.0
30879,580.0
30880,886.0
30881,986.0
30882,13.0
30883,762.0
30884,440.0
30885,402.0
30886,83.0
30887,392.0
30888,575.0
30889,917.0
30890,580.0
30891,997.0
30892,49.0
30893,813.0
30894,168.0
30895,575.0
30896,446.0
30897,59.0
30898,570.0
30899,255.0
30900,49.0
30901,139.0
30902,813.0
30903,149.0
30904,239.0
30905,13.0
30906,831.0
30907,489.0
30908,580.0
30909,829.0
30910,620.0
30911,917.0
30912,946.0
30913,973.0
30914,974.0
30915,48.0
30916,130.0
30917,921.0
30918,213.0
30919,980.0
30920,213.0
30921,586.0
30922,815.0
30923,795.0
30924,501.0
30925,997.0
30926,49.0
30927,405.0
30928,498.0
30929,130.0
30930,924.0
30931,580.0
30932,989.0
30933,662.0
30934,559.0
30935,779.0
30936,916.0
30937,213.0
30938,916.0
30939,504.0
30940,779.0
30941,967.0
30942,305.0
30943,16.0
30944,912.0
30945,924.0
30946,823.0
30947,317.0
30948,317.0
30949,917.0
30950,216.0
30951,197.0
30952,454.0
30953,811.0
30954,913.0
30955,984.0
30956,49.0
30957,512.0
30958,815.0
30959,266.0
30960,902.0
30961,575.0
30962,971.0
30963,448.0
30964,813.0
30965,984.0
30966,213.0
30967,149.0
30968,779.0
30969,50.0
30970,912.0
30971,909.0
30972,371.0
30973,361.0
30974,324.0
30975,946.0
30976,917.0
30977,251.0
30978,317.0
30979,746.0
30980,811.0
30981,891.0
30982,193.0
30983,580.0
30984,352.0
30985,823.0
30986,961.0
30987,361.0
30988,558.0
30989,361.0
30990,193.0
30991,213.0
30992,912.0
30993,330.0
30994,134.0
30995,909.0
30996,970.0
30997,168.0
30998,68.0
30999,917.0
31000,41.0
31001,213.0
31002,305.0
31003,405.0
31004,216.0
31005,924.0
31006,917.0
31007,866.0
31008,262.0
31009,997.0
31010,361.0
31011,809.0
31012,815.0
31013,924.0
31014,130.0
31015,767.0
31016,358.0
31017,75.0
31018,720.0
31019,213.0
31020,49.0
31021,213.0
31022,440.0
31023,607.0
31024,924.0
31025,483.0
31026,527.0
31027,832.0
31028,213.0
31029,440.0
31030,251.0
31031,149.0
31032,798.0
31033,445.0
31034,352.0
31035,130.0
31036,330.0
31037,49.0
31038,94.0
31039,325.0
31040,127.0
31041,41.0
31042,984.0
31043,429.0
31044,130.0
31045,788.0
31046,361.0
31047,149.0
31048,352.0
31049,213.0
31050,75.0
31051,49.0
31052,798.0
31053,251.0
31054,973.0
31055,59.0
31056,512.0
31057,462.0
31058,325.0
31059,445.0
31060,363.0
31061,902.0
31062,974.0
31063,762.0
31064,917.0
31065,354.0
31066,902.0
31067,813.0
31068,795.0
31069,789.0
31070,767.0
31071,251.0
31072,445.0
31073,41.0
31074,813.0
31075,48.0
31076,928.0
31077,352.0
31078,823.0
31079,924.0
31080,489.0
31081,49.0
31082,575.0
31083,886.0
31084,317.0
31085,445.0
31086,979.0
31087,406.0
31088,789.0
31089,251.0
31090,569.0
31091,913.0
31092,915.0
31093,1.0
31094,405.0
31095,455.0
31096,543.0
31097,454.0
31098,454.0
31099,572.0
31100,946.0
31101,441.0
31102,928.0
31103,946.0
31104,130.0
31105,445.0
31106,149.0
31107,305.0
31108,41.0
31109,497.0
31110,656.0
31111,884.0
31112,974.0
31113,803.0
31114,149.0
31115,974.0
31116,489.0
31117,886.0
31118,813.0
31119,813.0
31120,255.0
31121,733.0
31122,527.0
31123,68.0
31124,721.0
31125,924.0
31126,752.0
31127,924.0
31128,41.0
31129,846.0
31130,273.0
31131,974.0
31132,200.0
31133,49.0
31134,118.0
31135,41.0
31136,997.0
31137,247.0
31138,111.0
31139,905.0
31140,581.0
31141,559.0
31142,200.0
31143,310.0
31144,264.0
31145,712.0
31146,928.0
31147,707.0
31148,454.0
31149,130.0
31150,961.0
31151,890.0
31152,512.0
31153,946.0
31154,580.0
31155,823.0
31156,632.0
31157,721.0
31158,352.0
31159,561.0
31160,820.0
31161,831.0
31162,928.0
31163,50.0
31164,120.0
31165,371.0
31166,924.0
31167,924.0
31168,317.0
31169,566.0
31170,813.0
31171,317.0
31172,660.0
31173,120.0
31174,562.0
31175,213.0
31176,866.0
31177,352.0
31178,130.0
31179,795.0
31180,49.0
31181,997.0
31182,317.0
31183,877.0
31184,533.0
31185,118.0
31186,979.0
31187,946.0
31188,660.0
31189,984.0
31190,166.0
31191,78.0
31192,202.0
31193,59.0
31194,559.0
31195,352.0
31196,843.0
31197,905.0
31198,13.0
31199,543.0
31200,213.0
31201,989.0
31202,762.0
31203,909.0
31204,319.0
31205,405.0
31206,13.0
31207,405.0
31208,974.0
31209,387.0
31210,713.0
31211,50.0
31212,54.0
31213,193.0
31214,361.0
31215,213.0
31216,946.0
31217,213.0
31218,168.0
31219,834.0
31220,183.0
31221,844.0
31222,884.0
31223,559.0
31224,921.0
31225,391.0
31226,832.0
31227,553.0
31228,343.0
31229,305.0
31230,813.0
31231,19.0
31232,439.0
31233,49.0
31234,813.0
31235,767.0
31236,213.0
31237,639.0
31238,809.0
31239,713.0
31240,946.0
31241,75.0
31242,448.0
31243,251.0
31244,924.0
31245,997.0
31246,928.0
31247,405.0
31248,67.0
31249,884.0
31250,317.0
31251,42.0
31252,798.0
31253,149.0
31254,406.0
31255,565.0
31256,307.0
31257,41.0
31258,168.0
31259,213.0
31260,909.0
31261,597.0
31262,251.0
31263,375.0
31264,575.0
31265,989.0
31266,500.0
31267,13.0
31268,125.0
31269,324.0
31270,347.0
31271,789.0
31272,160.0
31273,200.0
31274,446.0
31275,561.0
31276,78.0
31277,575.0
31278,815.0
31279,317.0
31280,762.0
31281,909.0
31282,213.0
31283,361.0
31284,224.0
31285,989.0
31286,9.0
31287,361.0
31288,815.0
31289,39.0
31290,779.0
31291,224.0
31292,886.0
31293,720.0
31294,733.0
31295,130.0
31296,660.0
31297,815.0
31298,916.0
31299,813.0
31300,445.0
31301,168.0
31302,997.0
31303,393.0
31304,127.0
31305,406.0
31306,445.0
31307,929.0
31308,501.0
31309,251.0
31310,866.0
31311,939.0
31312,580.0
31313,762.0
31314,130.0
31315,317.0
31316,823.0
31317,405.0
31318,553.0
31319,813.0
31320,127.0
31321,807.0
31322,371.0
31323,559.0
31324,924.0
31325,832.0
31326,127.0
31327,580.0
31328,213.0
31329,68.0
31330,83.0
31331,924.0
31332,130.0
31333,586.0
31334,615.0
31335,59.0
31336,813.0
31337,535.0
31338,924.0
31339,813.0
31340,9.0
31341,29.0
31342,149.0
31343,445.0
31344,946.0
31345,168.0
31346,361.0
31347,973.0
31348,41.0
31349,762.0
31350,213.0
31351,534.0
31352,955.0
31353,866.0
31354,974.0
31355,111.0
31356,809.0
31357,324.0
31358,405.0
31359,251.0
31360,882.0
31361,445.0
31362,255.0
31363,527.0
31364,454.0
31365,347.0
31366,575.0
31367,454.0
31368,213.0
31369,562.0
31370,1.0
31371,913.0
31372,660.0
31373,361.0
31374,130.0
31375,916.0
31376,905.0
31377,924.0
31378,468.0
31379,213.0
31380,572.0
31381,160.0
31382,317.0
31383,49.0
31384,928.0
31385,909.0
31386,891.0
31387,120.0
31388,803.0
31389,866.0
31390,149.0
31391,813.0
31392,979.0
31393,580.0
31394,832.0
31395,139.0
31396,559.0
31397,627.0
31398,317.0
31399,149.0
31400,191.0
31401,984.0
31402,823.0
31403,886.0
31404,767.0
31405,809.0
31406,149.0
31407,798.0
31408,924.0
31409,897.0
31410,13.0
31411,660.0
31412,99.0
31413,909.0
31414,813.0
31415,405.0
31416,317.0
31417,924.0
31418,575.0
31419,627.0
31420,823.0
31421,656.0
31422,844.0
31423,512.0
31424,928.0
31425,391.0
31426,439.0
31427,213.0
31428,49.0
31429,928.0
31430,305.0
31431,733.0
31432,512.0
31433,660.0
31434,361.0
31435,677.0
31436,809.0
31437,815.0
31438,405.0
31439,1.0
31440,891.0
31441,984.0
31442,897.0
31443,909.0
31444,917.0
31445,970.0
31446,317.0
31447,989.0
31448,989.0
31449,924.0
31450,813.0
31451,445.0
31452,49.0
31453,200.0
31454,361.0
31455,688.0
31456,997.0
31457,569.0
31458,924.0
31459,580.0
31460,454.0
31461,75.0
31462,989.0
31463,489.0
31464,138.0
31465,310.0
31466,41.0
31467,474.0
31468,347.0
31469,130.0
31470,125.0
31471,317.0
31472,75.0
31473,489.0
31474,921.0
31475,813.0
31476,198.0
31477,909.0
31478,408.0
31479,970.0
31480,921.0
31481,798.0
31482,987.0
31483,989.0
31484,909.0
31485,977.0
31486,213.0
31487,325.0
31488,543.0
31489,580.0
31490,916.0
31491,48.0
31492,880.0
31493,16.0
31494,120.0
31495,213.0
31496,68.0
31497,928.0
31498,13.0
31499,406.0
31500,655.0
31501,866.0
31502,454.0
31503,909.0
31504,909.0
31505,305.0
31506,575.0
31507,213.0
31508,971.0
31509,915.0
31510,213.0
31511,139.0
31512,120.0
31513,917.0
31514,984.0
31515,67.0
31516,831.0
31517,813.0
31518,317.0
31519,909.0
31520,213.0
31521,120.0
31522,866.0
31523,917.0
31524,168.0
31525,527.0
31526,832.0
31527,440.0
31528,25.0
31529,871.0
31530,59.0
31531,405.0
31532,920.0
31533,130.0
31534,627.0
31535,924.0
31536,884.0
31537,67.0
31538,580.0
31539,533.0
31540,49.0
31541,200.0
31542,762.0
31543,83.0
31544,813.0
31545,795.0
31546,561.0
31547,984.0
31548,562.0
31549,660.0
31550,767.0
31551,834.0
31552,317.0
31553,127.0
31554,575.0
31555,470.0
31556,363.0
31557,866.0
31558,580.0
31559,866.0
31560,266.0
31561,446.0
31562,884.0
31563,627.0
31564,9.0
31565,200.0
31566,296.0
31567,125.0
31568,829.0
31569,924.0
31570,974.0
31571,16.0
31572,916.0
31573,974.0
31574,120.0
31575,924.0
31576,627.0
31577,50.0
31578,913.0
31579,149.0
31580,50.0
31581,370.0
31582,767.0
31583,916.0
31584,191.0
31585,917.0
31586,982.0
31587,104.0
31588,139.0
31589,575.0
31590,50.0
31591,213.0
31592,997.0
31593,575.0
31594,13.0
31595,445.0
31596,917.0
31597,391.0
31598,317.0
31599,168.0
31600,813.0
31601,529.0
31602,251.0
31603,49.0
31604,180.0
31605,512.0
31606,216.0
31607,584.0
31608,130.0
31609,570.0
31610,454.0
31611,13.0
31612,213.0
31613,733.0
31614,49.0
31615,977.0
31616,213.0
31617,50.0
31618,274.0
31619,168.0
31620,9.0
31621,840.0
31622,928.0
31623,916.0
31624,813.0
31625,815.0
31626,318.0
31627,264.0
31628,75.0
31629,829.0
31630,846.0
31631,813.0
31632,392.0
31633,616.0
31634,909.0
31635,924.0
31636,844.0
31637,213.0
31638,13.0
31639,402.0
31640,213.0
31641,180.0
31642,406.0
31643,104.0
31644,255.0
31645,13.0
31646,166.0
31647,939.0
31648,454.0
31649,974.0
31650,444.0
31651,405.0
31652,256.0
31653,924.0
31654,746.0
31655,677.0
31656,971.0
31657,266.0
31658,655.0
31659,960.0
31660,970.0
31661,580.0
31662,255.0
31663,607.0
31664,391.0
31665,839.0
31666,831.0
31667,354.0
31668,405.0
31669,168.0
31670,180.0
31671,813.0
31672,392.0
31673,902.0
31674,651.0
31675,762.0
31676,811.0
31677,909.0
31678,305.0
31679,168.0
31680,917.0
31681,83.0
31682,25.0
31683,534.0
31684,354.0
31685,946.0
31686,405.0
31687,361.0
31688,917.0
31689,213.0
31690,575.0
31691,866.0
31692,924.0
31693,318.0
31694,533.0
31695,832.0
31696,997.0
31697,946.0
31698,651.0
31699,974.0
31700,924.0
31701,68.0
31702,188.0
31703,971.0
31704,846.0
31705,803.0
31706,974.0
31707,917.0
31708,762.0
31709,59.0
31710,371.0
31711,489.0
31712,924.0
31713,575.0
31714,839.0
31715,529.0
31716,924.0
31717,713.0
31718,751.0
31719,884.0
31720,586.0
31721,13.0
31722,343.0
31723,971.0
31724,405.0
31725,712.0
31726,767.0
31727,264.0
31728,977.0
31729,361.0
31730,193.0
31731,104.0
31732,974.0
31733,784.0
31734,566.0
31735,183.0
31736,928.0
31737,325.0
31738,561.0
31739,1.0
31740,884.0
31741,660.0
31742,13.0
31743,974.0
31744,594.0
31745,213.0
31746,49.0
31747,832.0
31748,193.0
31749,912.0
31750,512.0
31751,917.0
31752,813.0
31753,213.0
31754,302.0
31755,495.0
31756,118.0
31757,50.0
31758,317.0
31759,49.0
31760,75.0
31761,575.0
31762,924.0
31763,928.0
31764,264.0
31765,168.0
31766,660.0
31767,815.0
31768,296.0
31769,49.0
31770,1.0
31771,317.0
31772,733.0
31773,891.0
31774,489.0
31775,264.0
31776,656.0
31777,13.0
31778,138.0
31779,660.0
31780,713.0
31781,213.0
31782,67.0
31783,489.0
31784,984.0
31785,597.0
31786,127.0
31787,264.0
31788,224.0
31789,607.0
31790,130.0
31791,916.0
31792,330.0
31793,318.0
31794,307.0
31795,529.0
31796,809.0
31797,884.0
31798,127.0
31799,627.0
31800,305.0
31801,402.0
31802,924.0
31803,25.0
31804,213.0
31805,120.0
31806,501.0
31807,445.0
31808,815.0
31809,255.0
31810,909.0
31811,213.0
31812,771.0
31813,324.0
31814,307.0
31815,130.0
31816,823.0
31817,815.0
31818,83.0
31819,553.0
31820,627.0
31821,712.0
31822,13.0
31823,648.0
31824,884.0
31825,1.0
31826,928.0
31827,813.0
31828,68.0
31829,832.0
31830,562.0
31831,882.0
31832,317.0
31833,354.0
31834,662.0
31835,559.0
31836,317.0
31837,575.0
31838,462.0
31839,561.0
31840,251.0
31841,405.0
31842,529.0
31843,1.0
31844,448.0
31845,216.0
31846,217.0
31847,49.0
31848,924.0
31849,193.0
31850,193.0
31851,197.0
31852,41.0
31853,54.0
31854,813.0
31855,974.0
31856,149.0
31857,193.0
31858,917.0
31859,580.0
31860,139.0
31861,917.0
31862,405.0
31863,813.0
31864,13.0
31865,41.0
31866,324.0
31867,168.0
31868,580.0
31869,767.0
31870,75.0
31871,202.0
31872,928.0
31873,413.0
31874,213.0
31875,448.0
31876,330.0
31877,543.0
31878,405.0
31879,317.0
31880,813.0
31881,251.0
31882,48.0
31883,974.0
31884,1.0
31885,8.0
31886,489.0
31887,572.0
31888,569.0
31889,607.0
31890,660.0
31891,504.0
31892,813.0
31893,628.0
31894,984.0
31895,839.0
31896,912.0
31897,928.0
31898,432.0
31899,361.0
31900,928.0
31901,94.0
31902,324.0
31903,813.0
31904,296.0
31905,832.0
31906,1.0
31907,307.0
31908,13.0
31909,917.0
31910,489.0
31911,166.0
31912,756.0
31913,662.0
31914,409.0
31915,68.0
31916,580.0
31917,575.0
31918,180.0
31919,561.0
31920,42.0
31921,580.0
31922,474.0
31923,580.0
31924,809.0
31925,718.0
31926,846.0
31927,928.0
31928,585.0
31929,405.0
31930,832.0
31931,813.0
31932,49.0
31933,1.0
31934,928.0
31935,29.0
31936,823.0
31937,468.0
31938,654.0
31939,620.0
31940,13.0
31941,946.0
31942,134.0
31943,489.0
31944,213.0
31945,361.0
31946,120.0
31947,1.0
31948,213.0
31949,543.0
31950,997.0
31951,307.0
31952,405.0
31953,785.0
31954,183.0
31955,13.0
31956,813.0
31957,49.0
31958,660.0
31959,912.0
31960,361.0
31961,917.0
31962,361.0
31963,130.0
31964,68.0
31965,130.0
31966,924.0
31967,489.0
31968,13.0
31969,928.0
31970,580.0
31971,561.0
31972,317.0
31973,979.0
31974,371.0
31975,717.0
31976,48.0
31977,361.0
31978,317.0
31979,662.0
31980,752.0
31981,831.0
31982,857.0
31983,120.0
31984,909.0
31985,813.0
31986,193.0
31987,361.0
31988,440.0
31989,104.0
31990,771.0
31991,661.0
31992,317.0
31993,997.0
31994,495.0
31995,75.0
31996,846.0
31997,917.0
31998,831.0
31999,535.0
32000,598.0
32001,468.0
32002,928.0
32003,970.0
32004,912.0
32005,67.0
32006,1.0
32007,191.0
32008,580.0
32009,138.0
32010,216.0
32011,581.0
32012,660.0
32013,216.0
32014,59.0
32015,902.0
32016,474.0
32017,512.0
32018,762.0
32019,19.0
32020,916.0
32021,193.0
32022,662.0
32023,575.0
32024,130.0
32025,713.0
32026,620.0
32027,343.0
32028,25.0
32029,264.0
32030,813.0
32031,891.0
32032,251.0
32033,255.0
32034,405.0
32035,402.0
32036,660.0
32037,811.0
32038,497.0
32039,909.0
32040,149.0
32041,974.0
32042,866.0
32043,405.0
32044,762.0
32045,251.0
32046,762.0
32047,928.0
32048,997.0
32049,274.0
32050,891.0
32051,139.0
32052,771.0
32053,886.0
32054,168.0
32055,474.0
32056,54.0
32057,193.0
32058,613.0
32059,902.0
32060,909.0
32061,49.0
32062,307.0
32063,255.0
32064,891.0
32065,928.0
32066,42.0
32067,54.0
32068,213.0
32069,361.0
32070,213.0
32071,454.0
32072,917.0
32073,832.0
32074,130.0
32075,813.0
32076,454.0
32077,25.0
32078,809.0
32079,375.0
32080,575.0
32081,158.0
32082,75.0
32083,594.0
32084,1.0
32085,75.0
32086,149.0
32087,812.0
32088,305.0
32089,831.0
32090,317.0
32091,75.0
32092,251.0
32093,543.0
32094,120.0
32095,917.0
32096,68.0
32097,405.0
32098,823.0
32099,866.0
32100,839.0
32101,406.0
32102,884.0
32103,405.0
32104,262.0
32105,255.0
32106,405.0
32107,305.0
32108,462.0
32109,130.0
32110,785.0
32111,946.0
32112,997.0
32113,580.0
32114,317.0
32115,832.0
32116,815.0
32117,90.0
32118,997.0
32119,946.0
32120,49.0
32121,193.0
32122,924.0
32123,54.0
32124,767.0
32125,149.0
32126,49.0
32127,361.0
32128,405.0
32129,470.0
32130,213.0
32131,213.0
32132,813.0
32133,924.0
32134,94.0
32135,352.0
32136,839.0
32137,445.0
32138,168.0
32139,499.0
32140,884.0
32141,909.0
32142,127.0
32143,813.0
32144,144.0
32145,505.0
32146,924.0
32147,120.0
32148,361.0
32149,984.0
32150,718.0
32151,586.0
32152,924.0
32153,454.0
32154,909.0
32155,533.0
32156,498.0
32157,67.0
32158,213.0
32159,866.0
32160,789.0
32161,213.0
32162,516.0
32163,983.0
32164,198.0
32165,305.0
32166,917.0
32167,13.0
32168,406.0
32169,454.0
32170,916.0
32171,559.0
32172,149.0
32173,193.0
32174,68.0
32175,134.0
32176,213.0
32177,762.0
32178,660.0
32179,454.0
32180,984.0
32181,570.0
32182,543.0
32183,974.0
32184,325.0
32185,1.0
32186,439.0
32187,440.0
32188,772.0
32189,68.0
32190,984.0
32191,251.0
32192,470.0
32193,213.0
32194,50.0
32195,575.0
32196,997.0
32197,866.0
32198,913.0
32199,831.0
32200,570.0
32201,813.0
32202,660.0
32203,575.0
32204,49.0
32205,125.0
32206,974.0
32207,639.0
32208,343.0
32209,168.0
32210,59.0
32211,844.0
32212,104.0
32213,324.0
32214,813.0
32215,290.0
32216,813.0
32217,886.0
32218,924.0
32219,831.0
32220,987.0
32221,213.0
32222,916.0
32223,351.0
32224,305.0
32225,317.0
32226,405.0
32227,811.0
32228,404.0
32229,974.0
32230,844.0
32231,569.0
32232,946.0
32233,368.0
32234,9.0
32235,921.0
32236,909.0
32237,495.0
32238,512.0
32239,580.0
32240,375.0
32241,891.0
32242,946.0
32243,41.0
32244,371.0
32245,83.0
32246,559.0
32247,120.0
32248,310.0
32249,239.0
32250,970.0
32251,997.0
32252,405.0
32253,916.0
32254,928.0
32255,660.0
32256,779.0
32257,213.0
32258,684.0
32259,70.0
32260,862.0
32261,50.0
32262,213.0
32263,635.0
32264,439.0
32265,997.0
32266,213.0
32267,120.0
32268,717.0
32269,970.0
32270,352.0
32271,527.0
32272,924.0
32273,13.0
32274,75.0
32275,144.0
32276,639.0
32277,661.0
32278,584.0
32279,351.0
32280,375.0
32281,839.0
32282,886.0
32283,432.0
32284,813.0
32285,405.0
32286,59.0
32287,795.0
32288,533.0
32289,977.0
32290,405.0
32291,762.0
32292,391.0
32293,13.0
32294,50.0
32295,720.0
32296,924.0
32297,361.0
32298,779.0
32299,924.0
32300,661.0
32301,779.0
32302,352.0
32303,886.0
32304,1.0
32305,562.0
32306,813.0
32307,762.0
32308,440.0
32309,928.0
32310,104.0
32311,615.0
32312,809.0
32313,974.0
32314,987.0
32315,168.0
32316,9.0
32317,862.0
32318,834.0
32319,890.0
32320,585.0
32321,665.0
32322,812.0
32323,405.0
32324,134.0
32325,48.0
32326,149.0
32327,392.0
32328,134.0
32329,13.0
32330,762.0
32331,213.0
32332,779.0
32333,49.0
32334,370.0
32335,812.0
32336,665.0
32337,213.0
32338,909.0
32339,946.0
32340,405.0
32341,13.0
32342,660.0
32343,665.0
32344,213.0
32345,891.0
32346,264.0
32347,559.0
32348,68.0
32349,432.0
32350,217.0
32351,909.0
32352,580.0
32353,138.0
32354,213.0
32355,130.0
32356,974.0
32357,256.0
32358,926.0
32359,361.0
32360,213.0
32361,352.0
32362,913.0
32363,627.0
32364,740.0
32365,68.0
32366,533.0
32367,909.0
32368,361.0
32369,68.0
32370,632.0
32371,149.0
32372,882.0
32373,767.0
32374,13.0
32375,866.0
32376,866.0
32377,406.0
32378,575.0
32379,351.0
32380,543.0
32381,653.0
32382,798.0
32383,48.0
32384,928.0
32385,90.0
32386,813.0
32387,891.0
32388,512.0
32389,111.0
32390,7.0
32391,307.0
32392,68.0
32393,317.0
32394,245.0
32395,815.0
32396,762.0
32397,813.0
32398,533.0
32399,213.0
32400,917.0
32401,820.0
32402,94.0
32403,483.0
32404,924.0
32405,183.0
32406,498.0
32407,618.0
32408,462.0
32409,813.0
32410,615.0
32411,180.0
32412,997.0
32413,866.0
32414,533.0
32415,139.0
32416,812.0
32417,815.0
32418,960.0
32419,405.0
32420,921.0
32421,371.0
32422,989.0
32423,50.0
32424,454.0
32425,813.0
32426,392.0
32427,13.0
32428,454.0
32429,317.0
32430,174.0
32431,224.0
32432,48.0
32433,877.0
32434,909.0
32435,59.0
32436,924.0
32437,149.0
32438,213.0
32439,997.0
32440,213.0
32441,41.0
32442,959.0
32443,866.0
32444,130.0
32445,255.0
32446,125.0
32447,36.0
32448,767.0
32449,361.0
32450,120.0
32451,880.0
32452,785.0
32453,813.0
32454,620.0
32455,928.0
32456,429.0
32457,429.0
32458,861.0
32459,130.0
32460,373.0
32461,445.0
32462,890.0
32463,813.0
32464,924.0
32465,75.0
32466,213.0
32467,7.0
32468,946.0
32469,405.0
32470,67.0
32471,1.0
32472,213.0
32473,928.0
32474,392.0
32475,54.0
32476,25.0
32477,916.0
32478,926.0
32479,762.0
32480,354.0
32481,352.0
32482,352.0
32483,48.0
32484,292.0
32485,677.0
32486,997.0
32487,251.0
32488,984.0
32489,445.0
32490,823.0
32491,251.0
32492,149.0
32493,305.0
32494,216.0
32495,909.0
32496,580.0
32497,255.0
32498,970.0
32499,180.0
32500,405.0
32501,149.0
32502,325.0
32503,788.0
32504,130.0
32505,846.0
32506,813.0
32507,813.0
32508,632.0
32509,325.0
32510,75.0
32511,111.0
32512,317.0
32513,916.0
32514,917.0
32515,660.0
32516,130.0
32517,280.0
32518,916.0
32519,251.0
32520,13.0
32521,501.0
32522,974.0
32523,1.0
32524,409.0
32525,363.0
32526,580.0
32527,97.0
32528,183.0
32529,130.0
32530,1.0
32531,49.0
32532,813.0
32533,839.0
32534,884.0
32535,974.0
32536,713.0
32537,823.0
32538,660.0
32539,924.0
32540,305.0
32541,317.0
32542,78.0
32543,213.0
32544,9.0
32545,559.0
32546,41.0
32547,138.0
32548,1.0
32549,144.0
32550,251.0
32551,562.0
32552,213.0
32553,432.0
32554,613.0
32555,660.0
32556,823.0
32557,832.0
32558,977.0
32559,609.0
32560,997.0
32561,288.0
32562,946.0
32563,909.0
32564,213.0
32565,832.0
32566,905.0
32567,811.0
32568,909.0
32569,200.0
32570,569.0
32571,839.0
32572,54.0
32573,756.0
32574,307.0
32575,862.0
32576,815.0
32577,317.0
32578,213.0
32579,813.0
32580,924.0
32581,317.0
32582,251.0
32583,866.0
32584,815.0
32585,27.0
32586,534.0
32587,405.0
32588,803.0
32589,351.0
32590,251.0
32591,48.0
32592,405.0
32593,504.0
32594,932.0
32595,627.0
32596,149.0
32597,266.0
32598,68.0
32599,813.0
32600,9.0
32601,924.0
32602,733.0
32603,628.0
32604,251.0
32605,200.0
32606,713.0
32607,130.0
32608,445.0
32609,94.0
32610,984.0
32611,406.0
32612,660.0
32613,139.0
32614,352.0
32615,310.0
32616,213.0
32617,880.0
32618,813.0
32619,213.0
32620,183.0
32621,884.0
32622,251.0
32623,213.0
32624,585.0
32625,7.0
32626,406.0
32627,264.0
32628,984.0
32629,48.0
32630,946.0
32631,41.0
32632,193.0
32633,454.0
32634,815.0
32635,61.0
32636,48.0
32637,353.0
32638,527.0
32639,815.0
32640,149.0
32641,866.0
32642,1.0
32643,813.0
32644,580.0
32645,317.0
32646,404.0
32647,909.0
32648,661.0
32649,179.0
32650,578.0
32651,405.0
32652,352.0
32653,361.0
32654,251.0
32655,912.0
32656,255.0
32657,762.0
32658,813.0
32659,557.0
32660,213.0
32661,405.0
32662,130.0
32663,916.0
32664,317.0
32665,813.0
32666,445.0
32667,370.0
32668,97.0
32669,660.0
32670,820.0
32671,352.0
32672,405.0
32673,445.0
32674,813.0
32675,134.0
32676,660.0
32677,445.0
32678,50.0
32679,627.0
32680,984.0
32681,402.0
32682,798.0
32683,660.0
32684,130.0
32685,97.0
32686,75.0
32687,49.0
32688,13.0
32689,318.0
32690,798.0
32691,917.0
32692,264.0
32693,813.0
32694,68.0
32695,75.0
32696,973.0
32697,405.0
32698,655.0
32699,832.0
32700,924.0
32701,970.0
32702,247.0
32703,974.0
32704,239.0
32705,815.0
32706,495.0
32707,216.0
32708,363.0
32709,310.0
32710,305.0
32711,909.0
32712,566.0
32713,861.0
32714,660.0
32715,34.0
32716,917.0
32717,909.0
32718,924.0
32719,41.0
32720,627.0
32721,789.0
32722,586.0
32723,216.0
32724,504.0
32725,912.0
32726,352.0
32727,559.0
32728,939.0
32729,439.0
32730,317.0
32731,191.0
32732,13.0
32733,821.0
32734,13.0
32735,48.0
32736,505.0
32737,202.0
32738,317.0
32739,213.0
32740,924.0
32741,752.0
32742,324.0
32743,909.0
32744,813.0
32745,512.0
32746,989.0
32747,974.0
32748,1.0
32749,251.0
32750,489.0
32751,179.0
32752,325.0
32753,960.0
32754,890.0
32755,916.0
32756,42.0
32757,813.0
32758,504.0
32759,317.0
32760,361.0
32761,979.0
32762,13.0
32763,48.0
32764,924.0
32765,405.0
32766,829.0
32767,273.0
32768,168.0
32769,971.0
32770,585.0
32771,200.0
32772,846.0
32773,923.0
32774,197.0
32775,213.0
32776,213.0
32777,813.0
32778,149.0
32779,811.0
32780,273.0
32781,317.0
32782,932.0
32783,49.0
32784,811.0
32785,916.0
32786,653.0
32787,213.0
32788,168.0
32789,916.0
32790,989.0
32791,974.0
32792,405.0
32793,855.0
32794,585.0
32795,325.0
32796,41.0
32797,251.0
32798,586.0
32799,352.0
32800,882.0
32801,13.0
32802,180.0
32803,59.0
32804,197.0
32805,402.0
32806,405.0
32807,924.0
32808,570.0
32809,251.0
32810,924.0
32811,454.0
32812,213.0
32813,13.0
32814,405.0
32815,997.0
32816,762.0
32817,813.0
32818,352.0
32819,213.0
32820,307.0
32821,974.0
32822,917.0
32823,575.0
32824,989.0
32825,580.0
32826,193.0
32827,829.0
32828,13.0
32829,971.0
32830,325.0
32831,771.0
32832,597.0
32833,361.0
32834,120.0
32835,130.0
32836,823.0
32837,197.0
32838,239.0
32839,9.0
32840,130.0
32841,470.0
32842,984.0
32843,59.0
32844,916.0
32845,13.0
32846,997.0
32847,713.0
32848,639.0
32849,9.0
32850,543.0
32851,361.0
32852,41.0
32853,294.0
32854,946.0
32855,68.0
32856,149.0
32857,984.0
32858,738.0
32859,733.0
32860,866.0
32861,928.0
32862,660.0
32863,725.0
32864,924.0
32865,767.0
32866,897.0
32867,13.0
32868,628.0
32869,168.0
32870,266.0
32871,973.0
32872,13.0
32873,97.0
32874,446.0
32875,130.0
32876,559.0
32877,318.0
32878,41.0
32879,712.0
32880,445.0
32881,984.0
32882,9.0
32883,495.0
32884,928.0
32885,866.0
32886,570.0
32887,928.0
32888,75.0
32889,974.0
32890,661.0
32891,616.0
32892,733.0
32893,813.0
32894,180.0
32895,125.0
32896,895.0
32897,125.0
32898,130.0
32899,371.0
32900,891.0
32901,302.0
32902,902.0
32903,974.0
32904,213.0
32905,138.0
32906,823.0
32907,168.0
32908,305.0
32909,946.0
32910,130.0
32911,512.0
32912,445.0
32913,974.0
32914,788.0
32915,527.0
32916,924.0
32917,921.0
32918,677.0
32919,104.0
32920,813.0
32921,42.0
32922,551.0
32923,585.0
32924,9.0
32925,909.0
32926,762.0
32927,361.0
32928,446.0
32929,130.0
32930,512.0
32931,41.0
32932,973.0
32933,49.0
32934,120.0
32935,361.0
32936,213.0
32937,627.0
32938,762.0
32939,180.0
32940,580.0
32941,448.0
32942,373.0
32943,127.0
32944,984.0
32945,733.0
32946,405.0
32947,913.0
32948,884.0
32949,111.0
32950,580.0
32951,512.0
32952,213.0
32953,168.0
32954,405.0
32955,813.0
32956,168.0
32957,984.0
32958,454.0
32959,454.0
32960,409.0
32961,127.0
32962,50.0
32963,561.0
32964,130.0
32965,324.0
32966,317.0
32967,136.0
32968,149.0
32969,832.0
32970,468.0
32971,176.0
32972,891.0
32973,795.0
32974,9.0
32975,200.0
32976,917.0
32977,846.0
32978,273.0
32979,974.0
32980,756.0
32981,623.0
32982,512.0
32983,627.0
32984,928.0
32985,325.0
32986,305.0
32987,984.0
32988,891.0
32989,504.0
32990,809.0
32991,120.0
32992,884.0
32993,266.0
32994,809.0
32995,884.0
32996,997.0
32997,361.0
32998,330.0
32999,41.0
33000,905.0
33001,197.0
33002,264.0
33003,924.0
33004,405.0
33005,130.0
33006,251.0
33007,213.0
33008,445.0
33009,615.0
33010,803.0
33011,866.0
33012,928.0
33013,997.0
33014,41.0
33015,909.0
33016,813.0
33017,917.0
33018,180.0
33019,498.0
33020,213.0
33021,1.0
33022,120.0
33023,984.0
33024,213.0
33025,130.0
33026,557.0
33027,909.0
33028,405.0
33029,474.0
33030,912.0
33031,166.0
33032,213.0
33033,832.0
33034,635.0
33035,989.0
33036,9.0
33037,111.0
33038,989.0
33039,559.0
33040,924.0
33041,813.0
33042,429.0
33043,884.0
33044,273.0
33045,130.0
33046,264.0
33047,798.0
33048,158.0
33049,239.0
33050,48.0
33051,813.0
33052,832.0
33053,533.0
33054,405.0
33055,454.0
33056,928.0
33057,557.0
33058,441.0
33059,361.0
33060,193.0
33061,83.0
33062,734.0
33063,274.0
33064,813.0
33065,803.0
33066,924.0
33067,19.0
33068,871.0
33069,798.0
33070,361.0
33071,213.0
33072,78.0
33073,130.0
33074,512.0
33075,41.0
33076,866.0
33077,529.0
33078,149.0
33079,627.0
33080,130.0
33081,429.0
33082,501.0
33083,120.0
33084,328.0
33085,815.0
33086,9.0
33087,660.0
33088,432.0
33089,846.0
33090,928.0
33091,813.0
33092,627.0
33093,168.0
33094,866.0
33095,665.0
33096,886.0
33097,174.0
33098,813.0
33099,213.0
33100,255.0
33101,909.0
33102,317.0
33103,330.0
33104,94.0
33105,979.0
33106,213.0
33107,213.0
33108,984.0
33109,924.0
33110,917.0
33111,839.0
33112,533.0
33113,924.0
33114,501.0
33115,984.0
33116,213.0
33117,9.0
33118,41.0
33119,361.0
33120,884.0
33121,49.0
33122,318.0
33123,180.0
33124,251.0
33125,213.0
33126,305.0
33127,251.0
33128,352.0
33129,813.0
33130,130.0
33131,928.0
33132,846.0
33133,813.0
33134,213.0
33135,912.0
33136,42.0
33137,586.0
33138,970.0
33139,813.0
33140,102.0
33141,310.0
33142,49.0
33143,193.0
33144,361.0
33145,834.0
33146,660.0
33147,823.0
33148,445.0
33149,168.0
33150,607.0
33151,406.0
33152,445.0
33153,762.0
33154,712.0
33155,665.0
33156,489.0
33157,917.0
33158,168.0
33159,504.0
33160,813.0
33161,924.0
33162,543.0
33163,468.0
33164,50.0
33165,989.0
33166,391.0
33167,607.0
33168,317.0
33169,831.0
33170,213.0
33171,823.0
33172,580.0
33173,946.0
33174,239.0
33175,834.0
33176,924.0
33177,895.0
33178,468.0
33179,960.0
33180,924.0
33181,361.0
33182,594.0
33183,924.0
33184,909.0
33185,989.0
33186,440.0
33187,445.0
33188,917.0
33189,884.0
33190,917.0
33191,813.0
33192,264.0
33193,1.0
33194,489.0
33195,50.0
33196,569.0
33197,917.0
33198,49.0
33199,357.0
33200,580.0
33201,305.0
33202,916.0
33203,813.0
33204,586.0
33205,580.0
33206,468.0
33207,171.0
33208,559.0
33209,580.0
33210,49.0
33211,767.0
33212,752.0
33213,6.0
33214,264.0
33215,68.0
33216,125.0
33217,354.0
33218,325.0
33219,273.0
33220,924.0
33221,997.0
33222,361.0
33223,149.0
33224,533.0
33225,251.0
33226,535.0
33227,193.0
33228,405.0
33229,405.0
33230,42.0
33231,855.0
33232,305.0
33233,924.0
33234,41.0
33235,26.0
33236,973.0
33237,831.0
33238,973.0
33239,289.0
33240,909.0
33241,405.0
33242,317.0
33243,324.0
33244,627.0
33245,354.0
33246,559.0
33247,970.0
33248,989.0
33249,251.0
33250,815.0
33251,798.0
33252,665.0
33253,570.0
33254,924.0
33255,813.0
33256,262.0
33257,149.0
33258,168.0
33259,363.0
33260,917.0
33261,989.0
33262,317.0
33263,317.0
33264,292.0
33265,251.0
33266,601.0
33267,633.0
33268,959.0
33269,495.0
33270,130.0
33271,713.0
33272,813.0
33273,217.0
33274,813.0
33275,979.0
33276,405.0
33277,168.0
33278,909.0
33279,1.0
33280,813.0
33281,307.0
33282,402.0
33283,505.0
33284,660.0
33285,255.0
33286,197.0
33287,94.0
33288,660.0
33289,628.0
33290,489.0
33291,149.0
33292,846.0
33293,251.0
33294,429.0
33295,924.0
33296,884.0
33297,41.0
33298,974.0
33299,635.0
33300,361.0
33301,462.0
33302,310.0
33303,866.0
33304,216.0
33305,895.0
33306,955.0
33307,75.0
33308,989.0
33309,733.0
33310,913.0
33311,213.0
33312,13.0
33313,130.0
33314,405.0
33315,917.0
33316,120.0
33317,871.0
33318,83.0
33319,813.0
33320,995.0
33321,775.0
33322,445.0
33323,660.0
33324,813.0
33325,917.0
33326,561.0
33327,125.0
33328,213.0
33329,445.0
33330,926.0
33331,660.0
33332,406.0
33333,855.0
33334,118.0
33335,946.0
33336,921.0
33337,317.0
33338,307.0
33339,580.0
33340,909.0
33341,463.0
33342,149.0
33343,10.0
33344,504.0
33345,798.0
33346,895.0
33347,317.0
33348,627.0
33349,143.0
33350,462.0
33351,580.0
33352,984.0
33353,49.0
33354,70.0
33355,924.0
33356,912.0
33357,94.0
33358,90.0
33359,50.0
33360,130.0
33361,251.0
33362,330.0
33363,989.0
33364,920.0
33365,68.0
33366,465.0
33367,49.0
33368,989.0
33369,813.0
33370,78.0
33371,902.0
33372,660.0
33373,361.0
33374,499.0
33375,130.0
33376,216.0
33377,151.0
33378,866.0
33379,813.0
33380,361.0
33381,529.0
33382,620.0
33383,916.0
33384,909.0
33385,562.0
33386,884.0
33387,305.0
33388,812.0
33389,512.0
33390,41.0
33391,559.0
33392,305.0
33393,251.0
33394,319.0
33395,405.0
33396,307.0
33397,884.0
33398,48.0
33399,13.0
33400,655.0
33401,785.0
33402,213.0
33403,812.0
33404,902.0
33405,832.0
33406,104.0
33407,721.0
33408,130.0
33409,405.0
33410,635.0
33411,917.0
33412,292.0
33413,49.0
33414,361.0
33415,318.0
33416,832.0
33417,405.0
33418,317.0
33419,684.0
33420,13.0
33421,213.0
33422,130.0
33423,662.0
33424,305.0
33425,917.0
33426,180.0
33427,580.0
33428,213.0
33429,405.0
33430,13.0
33431,661.0
33432,597.0
33433,445.0
33434,454.0
33435,575.0
33436,489.0
33437,97.0
33438,168.0
33439,120.0
33440,813.0
33441,527.0
33442,75.0
33443,68.0
33444,627.0
33445,59.0
33446,928.0
33447,361.0
33448,501.0
33449,627.0
33450,866.0
33451,970.0
33452,25.0
33453,831.0
33454,905.0
33455,811.0
33456,405.0
33457,928.0
33458,946.0
33459,305.0
33460,462.0
33461,912.0
33462,274.0
33463,213.0
33464,585.0
33465,29.0
33466,974.0
33467,405.0
33468,627.0
33469,343.0
33470,989.0
33471,928.0
33472,789.0
33473,149.0
33474,445.0
33475,361.0
33476,59.0
33477,68.0
33478,798.0
33479,580.0
33480,535.0
33481,916.0
33482,149.0
33483,932.0
33484,361.0
33485,570.0
33486,48.0
33487,789.0
33488,756.0
33489,213.0
33490,357.0
33491,813.0
33492,213.0
33493,939.0
33494,305.0
33495,130.0
33496,584.0
33497,216.0
33498,707.0
33499,273.0
33500,970.0
33501,569.0
33502,60.0
33503,917.0
33504,405.0
33505,25.0
33506,926.0
33507,627.0
33508,213.0
33509,897.0
33510,997.0
33511,99.0
33512,812.0
33513,368.0
33514,832.0
33515,660.0
33516,125.0
33517,813.0
33518,325.0
33519,902.0
33520,361.0
33521,49.0
33522,489.0
33523,601.0
33524,49.0
33525,569.0
33526,217.0
33527,974.0
33528,78.0
33529,392.0
33530,866.0
33531,559.0
33532,139.0
33533,305.0
33534,569.0
33535,49.0
33536,325.0
33537,120.0
33538,607.0
33539,772.0
33540,788.0
33541,974.0
33542,193.0
33543,305.0
33544,821.0
33545,916.0
33546,213.0
33547,310.0
33548,317.0
33549,915.0
33550,813.0
33551,13.0
33552,812.0
33553,946.0
33554,891.0
33555,9.0
33556,50.0
33557,489.0
33558,6.0
33559,924.0
33560,125.0
33561,13.0
33562,984.0
33563,26.0
33564,49.0
33565,928.0
33566,41.0
33567,213.0
33568,924.0
33569,13.0
33570,445.0
33571,924.0
33572,928.0
33573,562.0
33574,813.0
33575,884.0
33576,846.0
33577,543.0
33578,713.0
33579,580.0
33580,917.0
33581,474.0
33582,798.0
33583,440.0
33584,971.0
33585,25.0
33586,216.0
33587,305.0
33588,815.0
33589,256.0
33590,454.0
33591,909.0
33592,180.0
33593,13.0
33594,49.0
33595,361.0
33596,75.0
33597,445.0
33598,213.0
33599,839.0
33600,50.0
33601,120.0
33602,264.0
33603,924.0
33604,405.0
33605,193.0
33606,928.0
33607,48.0
33608,823.0
33609,41.0
33610,67.0
33611,809.0
33612,48.0
33613,909.0
33614,213.0
33615,354.0
33616,391.0
33617,533.0
33618,255.0
33619,361.0
33620,474.0
33621,813.0
33622,97.0
33623,49.0
33624,236.0
33625,75.0
33626,756.0
33627,880.0
33628,213.0
33629,813.0
33630,149.0
33631,318.0
33632,916.0
33633,562.0
33634,620.0
33635,575.0
33636,307.0
33637,924.0
33638,921.0
33639,620.0
33640,902.0
33641,866.0
33642,917.0
33643,627.0
33644,916.0
33645,168.0
33646,884.0
33647,543.0
33648,149.0
33649,78.0
33650,815.0
33651,917.0
33652,861.0
33653,984.0
33654,59.0
33655,255.0
33656,916.0
33657,48.0
33658,880.0
33659,251.0
33660,168.0
33661,104.0
33662,474.0
33663,895.0
33664,120.0
33665,389.0
33666,946.0
33667,803.0
33668,6.0
33669,104.0
33670,41.0
33671,767.0
33672,168.0
33673,361.0
33674,917.0
33675,575.0
33676,391.0
33677,813.0
33678,361.0
33679,9.0
33680,984.0
33681,762.0
33682,623.0
33683,575.0
33684,570.0
33685,136.0
33686,50.0
33687,974.0
33688,405.0
33689,317.0
33690,13.0
33691,94.0
33692,130.0
33693,924.0
33694,41.0
33695,361.0
33696,404.0
33697,198.0
33698,928.0
33699,445.0
33700,917.0
33701,213.0
33702,213.0
33703,498.0
33704,566.0
33705,924.0
33706,139.0
33707,371.0
33708,474.0
33709,130.0
33710,305.0
33711,13.0
33712,402.0
33713,29.0
33714,213.0
33715,813.0
33716,909.0
33717,49.0
33718,405.0
33719,384.0
33720,83.0
33721,866.0
33722,655.0
33723,813.0
33724,973.0
33725,127.0
33726,354.0
33727,318.0
33728,615.0
33729,832.0
33730,917.0
33731,168.0
33732,68.0
33733,68.0
33734,884.0
33735,984.0
33736,405.0
33737,445.0
33738,846.0
33739,213.0
33740,213.0
33741,897.0
33742,512.0
33743,392.0
33744,886.0
33745,815.0
33746,924.0
33747,662.0
33748,264.0
33749,13.0
33750,721.0
33751,584.0
33752,924.0
33753,979.0
33754,974.0
33755,54.0
33756,405.0
33757,627.0
33758,580.0
33759,762.0
33760,970.0
33761,168.0
33762,48.0
33763,310.0
33764,916.0
33765,561.0
33766,866.0
33767,788.0
33768,832.0
33769,566.0
33770,928.0
33771,533.0
33772,1.0
33773,75.0
33774,361.0
33775,120.0
33776,324.0
33777,330.0
33778,775.0
33779,803.0
33780,512.0
33781,891.0
33782,402.0
33783,946.0
33784,798.0
33785,924.0
33786,177.0
33787,330.0
33788,601.0
33789,454.0
33790,862.0
33791,580.0
33792,915.0
33793,183.0
33794,767.0
33795,1.0
33796,317.0
33797,512.0
33798,561.0
33799,635.0
33800,974.0
33801,813.0
33802,139.0
33803,832.0
33804,891.0
33805,974.0
33806,857.0
33807,130.0
33808,498.0
33809,445.0
33810,130.0
33811,352.0
33812,916.0
33813,498.0
33814,627.0
33815,570.0
33816,570.0
33817,809.0
33818,317.0
33819,839.0
33820,813.0
33821,834.0
33822,533.0
33823,68.0
33824,832.0
33825,305.0
33826,924.0
33827,533.0
33828,308.0
33829,445.0
33830,795.0
33831,909.0
33832,25.0
33833,627.0
33834,200.0
33835,305.0
33836,832.0
33837,317.0
33838,855.0
33839,193.0
33840,68.0
33841,168.0
33842,251.0
33843,41.0
33844,762.0
33845,569.0
33846,41.0
33847,813.0
33848,67.0
33849,924.0
33850,543.0
33851,49.0
33852,586.0
33853,120.0
33854,844.0
33855,41.0
33856,866.0
33857,984.0
33858,193.0
33859,138.0
33860,527.0
33861,733.0
33862,813.0
33863,59.0
33864,405.0
33865,310.0
33866,533.0
33867,1.0
33868,580.0
33869,94.0
33870,168.0
33871,575.0
33872,639.0
33873,955.0
33874,575.0
33875,866.0
33876,149.0
33877,832.0
33878,809.0
33879,924.0
33880,616.0
33881,49.0
33882,149.0
33883,628.0
33884,813.0
33885,989.0
33886,632.0
33887,989.0
33888,138.0
33889,168.0
33890,594.0
33891,997.0
33892,924.0
33893,597.0
33894,255.0
33895,130.0
33896,795.0
33897,562.0
33898,39.0
33899,432.0
33900,660.0
33901,815.0
33902,489.0
33903,317.0
33904,884.0
33905,913.0
33906,325.0
33907,324.0
33908,120.0
33909,926.0
33910,68.0
33911,9.0
33912,924.0
33913,205.0
33914,273.0
33915,928.0
33916,924.0
33917,111.0
33918,971.0
33919,317.0
33920,916.0
33921,405.0
33922,305.0
33923,912.0
33924,533.0
33925,921.0
33926,533.0
33927,635.0
33928,168.0
33929,767.0
33930,832.0
33931,928.0
33932,41.0
33933,924.0
33934,26.0
33935,255.0
33936,575.0
33937,970.0
33938,49.0
33939,812.0
33940,60.0
33941,575.0
33942,392.0
33943,928.0
33944,149.0
33945,130.0
33946,405.0
33947,454.0
33948,318.0
33949,558.0
33950,67.0
33951,983.0
33952,49.0
33953,310.0
33954,886.0
33955,928.0
33956,586.0
33957,255.0
33958,660.0
33959,580.0
33960,149.0
33961,445.0
33962,41.0
33963,384.0
33964,168.0
33965,915.0
33966,829.0
33967,718.0
33968,846.0
33969,324.0
33970,176.0
33971,543.0
33972,405.0
33973,405.0
33974,405.0
33975,9.0
33976,970.0
33977,138.0
33978,292.0
33979,474.0
33980,251.0
33981,251.0
33982,454.0
33983,213.0
33984,813.0
33985,13.0
33986,75.0
33987,789.0
33988,813.0
33989,660.0
33990,239.0
33991,174.0
33992,789.0
33993,130.0
33994,104.0
33995,49.0
33996,168.0
33997,130.0
33998,815.0
33999,677.0
34000,909.0
34001,812.0
34002,168.0
34003,987.0
34004,273.0
34005,559.0
34006,213.0
34007,310.0
34008,575.0
34009,325.0
34010,305.0
34011,59.0
34012,371.0
34013,498.0
34014,784.0
34015,127.0
34016,846.0
34017,375.0
34018,405.0
34019,533.0
34020,149.0
34021,946.0
34022,601.0
34023,543.0
34024,361.0
34025,628.0
34026,49.0
34027,989.0
34028,9.0
34029,54.0
34030,815.0
34031,213.0
34032,917.0
34033,575.0
34034,251.0
34035,330.0
34036,200.0
34037,50.0
34038,635.0
34039,756.0
34040,193.0
34041,361.0
34042,324.0
34043,273.0
34044,813.0
34045,880.0
34046,989.0
34047,917.0
34048,255.0
34049,94.0
34050,570.0
34051,512.0
34052,104.0
34053,913.0
34054,130.0
34055,627.0
34056,405.0
34057,946.0
34058,746.0
34059,660.0
34060,361.0
34061,361.0
34062,354.0
34063,445.0
34064,54.0
34065,255.0
34066,884.0
34067,251.0
34068,660.0
34069,924.0
34070,866.0
34071,168.0
34072,921.0
34073,251.0
34074,50.0
34075,354.0
34076,120.0
34077,317.0
34078,917.0
34079,721.0
34080,59.0
34081,812.0
34082,310.0
34083,149.0
34084,891.0
34085,239.0
34086,325.0
34087,305.0
34088,756.0
34089,541.0
34090,48.0
34091,924.0
34092,712.0
34093,213.0
34094,974.0
34095,917.0
34096,429.0
34097,200.0
34098,179.0
34099,815.0
34100,317.0
34101,49.0
34102,598.0
34103,627.0
34104,660.0
34105,305.0
34106,149.0
34107,168.0
34108,59.0
34109,570.0
34110,813.0
34111,67.0
34112,915.0
34113,68.0
34114,176.0
34115,25.0
34116,361.0
34117,917.0
34118,917.0
34119,83.0
34120,41.0
34121,949.0
34122,217.0
34123,213.0
34124,324.0
34125,895.0
34126,324.0
34127,97.0
34128,809.0
34129,30.0
34130,59.0
34131,405.0
34132,512.0
34133,9.0
34134,120.0
34135,533.0
34136,891.0
34137,49.0
34138,354.0
34139,149.0
34140,831.0
34141,27.0
34142,979.0
34143,897.0
34144,655.0
34145,134.0
34146,924.0
34147,984.0
34148,489.0
34149,247.0
34150,59.0
34151,924.0
34152,928.0
34153,213.0
34154,720.0
34155,375.0
34156,924.0
34157,844.0
34158,997.0
34159,866.0
34160,114.0
34161,924.0
34162,13.0
34163,130.0
34164,627.0
34165,354.0
34166,168.0
34167,213.0
34168,200.0
34169,813.0
34170,628.0
34171,815.0
34172,839.0
34173,762.0
34174,216.0
34175,13.0
34176,580.0
34177,318.0
34178,512.0
34179,832.0
34180,125.0
34181,213.0
34182,49.0
34183,318.0
34184,559.0
34185,440.0
34186,75.0
34187,130.0
34188,149.0
34189,974.0
34190,527.0
34191,68.0
34192,19.0
34193,720.0
34194,445.0
34195,884.0
34196,392.0
34197,200.0
34198,213.0
34199,866.0
34200,75.0
34201,997.0
34202,989.0
34203,987.0
34204,553.0
34205,973.0
34206,197.0
34207,803.0
34208,445.0
34209,405.0
34210,130.0
34211,317.0
34212,924.0
34213,317.0
34214,406.0
34215,928.0
34216,917.0
34217,7.0
34218,831.0
34219,812.0
34220,928.0
34221,130.0
34222,213.0
34223,924.0
34224,13.0
34225,905.0
34226,144.0
34227,917.0
34228,136.0
34229,130.0
34230,49.0
34231,216.0
34232,445.0
34233,559.0
34234,928.0
34235,656.0
34236,371.0
34237,16.0
34238,720.0
34239,381.0
34240,75.0
34241,846.0
34242,584.0
34243,405.0
34244,767.0
34245,924.0
34246,307.0
34247,317.0
34248,846.0
34249,305.0
34250,324.0
34251,251.0
34252,474.0
34253,9.0
34254,49.0
34255,171.0
34256,273.0
34257,50.0
34258,94.0
34259,924.0
34260,946.0
34261,997.0
34262,891.0
34263,823.0
34264,193.0
34265,317.0
34266,886.0
34267,163.0
34268,512.0
34269,627.0
34270,213.0
34271,917.0
34272,997.0
34273,168.0
34274,939.0
34275,99.0
34276,846.0
34277,455.0
34278,49.0
34279,405.0
34280,41.0
34281,580.0
34282,361.0
34283,660.0
34284,815.0
34285,445.0
34286,813.0
34287,130.0
34288,661.0
34289,924.0
34290,813.0
34291,317.0
34292,580.0
34293,120.0
34294,661.0
34295,946.0
34296,946.0
34297,168.0
34298,34.0
34299,273.0
34300,99.0
34301,928.0
34302,130.0
34303,200.0
34304,832.0
34305,213.0
34306,928.0
34307,527.0
34308,217.0
34309,405.0
34310,489.0
34311,130.0
34312,361.0
34313,973.0
34314,718.0
34315,601.0
34316,391.0
34317,138.0
34318,527.0
34319,318.0
34320,149.0
34321,94.0
34322,512.0
34323,585.0
34324,738.0
34325,495.0
34326,251.0
34327,97.0
34328,330.0
34329,569.0
34330,200.0
34331,969.0
34332,970.0
34333,59.0
34334,305.0
34335,921.0
34336,756.0
34337,759.0
34338,49.0
34339,54.0
34340,946.0
34341,561.0
34342,924.0
34343,405.0
34344,468.0
34345,41.0
34346,767.0
34347,946.0
34348,831.0
34349,138.0
34350,202.0
34351,317.0
34352,49.0
34353,861.0
34354,19.0
34355,130.0
34356,273.0
34357,168.0
34358,393.0
34359,946.0
34360,168.0
34361,405.0
34362,924.0
34363,771.0
34364,924.0
34365,305.0
34366,909.0
34367,49.0
34368,895.0
34369,448.0
34370,251.0
34371,570.0
34372,831.0
34373,149.0
34374,149.0
34375,104.0
34376,391.0
34377,970.0
34378,813.0
34379,324.0
34380,405.0
34381,495.0
34382,273.0
34383,559.0
34384,884.0
34385,684.0
34386,208.0
34387,601.0
34388,929.0
34389,294.0
34390,777.0
34391,216.0
34392,946.0
34393,917.0
34394,489.0
34395,946.0
34396,915.0
34397,788.0
34398,813.0
34399,627.0
34400,454.0
34401,733.0
34402,409.0
34403,939.0
34404,733.0
34405,391.0
34406,405.0
34407,909.0
34408,168.0
34409,41.0
34410,684.0
34411,871.0
34412,720.0
34413,813.0
34414,987.0
34415,924.0
34416,68.0
34417,318.0
34418,946.0
34419,813.0
34420,13.0
34421,974.0
34422,846.0
34423,317.0
34424,127.0
34425,177.0
34426,779.0
34427,891.0
34428,626.0
34429,50.0
34430,347.0
34431,909.0
34432,166.0
34433,305.0
34434,130.0
34435,917.0
34436,59.0
34437,559.0
34438,559.0
34439,273.0
34440,970.0
34441,445.0
34442,813.0
34443,677.0
34444,130.0
34445,168.0
34446,245.0
34447,662.0
34448,601.0
34449,149.0
34450,102.0
34451,392.0
34452,298.0
34453,41.0
34454,61.0
34455,168.0
34456,213.0
34457,198.0
34458,94.0
34459,924.0
34460,193.0
34461,49.0
34462,974.0
34463,361.0
34464,946.0
34465,67.0
34466,406.0
34467,255.0
34468,928.0
34469,454.0
34470,317.0
34471,454.0
34472,454.0
34473,575.0
34474,655.0
34475,718.0
34476,733.0
34477,627.0
34478,939.0
34479,361.0
34480,832.0
34481,921.0
34482,330.0
34483,134.0
34484,440.0
34485,104.0
34486,928.0
34487,361.0
34488,575.0
34489,815.0
34490,946.0
34491,13.0
34492,361.0
34493,534.0
34494,213.0
34495,895.0
34496,213.0
34497,762.0
34498,236.0
34499,866.0
34500,928.0
34501,361.0
34502,924.0
34503,213.0
34504,661.0
34505,213.0
34506,9.0
34507,909.0
34508,59.0
34509,984.0
34510,454.0
34511,315.0
34512,655.0
34513,186.0
34514,68.0
34515,656.0
34516,213.0
34517,251.0
34518,607.0
34519,156.0
34520,318.0
34521,809.0
34522,251.0
34523,41.0
34524,575.0
34525,846.0
34526,405.0
34527,575.0
34528,213.0
34529,213.0
34530,660.0
34531,138.0
34532,127.0
34533,813.0
34534,832.0
34535,660.0
34536,75.0
34537,813.0
34538,909.0
34539,13.0
34540,655.0
34541,909.0
34542,251.0
34543,915.0
34544,361.0
34545,454.0
34546,273.0
34547,454.0
34548,168.0
34549,454.0
34550,405.0
34551,317.0
34552,50.0
34553,317.0
34554,974.0
34555,41.0
34556,454.0
34557,989.0
34558,179.0
34559,445.0
34560,832.0
34561,168.0
34562,255.0
34563,585.0
34564,586.0
34565,734.0
34566,580.0
34567,620.0
34568,928.0
34569,575.0
34570,921.0
34571,318.0
34572,75.0
34573,580.0
34574,789.0
34575,660.0
34576,846.0
34577,41.0
34578,846.0
34579,9.0
34580,989.0
34581,130.0
34582,324.0
34583,909.0
34584,924.0
34585,213.0
34586,584.0
34587,815.0
34588,213.0
34589,846.0
34590,684.0
34591,41.0
34592,660.0
34593,180.0
34594,305.0
34595,575.0
34596,213.0
34597,929.0
34598,521.0
34599,813.0
34600,970.0
34601,216.0
34602,49.0
34603,913.0
34604,439.0
34605,213.0
34606,495.0
34607,762.0
34608,909.0
34609,405.0
34610,49.0
34611,559.0
34612,41.0
34613,979.0
34614,813.0
34615,512.0
34616,75.0
34617,924.0
34618,609.0
34619,884.0
34620,677.0
34621,325.0
34622,989.0
34623,158.0
34624,149.0
34625,375.0
34626,997.0
34627,392.0
34628,317.0
34629,809.0
34630,9.0
34631,176.0
34632,916.0
34633,866.0
34634,915.0
34635,916.0
34636,871.0
34637,149.0
34638,49.0
34639,813.0
34640,917.0
34641,795.0
34642,580.0
34643,168.0
34644,557.0
34645,406.0
34646,884.0
34647,343.0
34648,361.0
34649,351.0
34650,561.0
34651,49.0
34652,392.0
34653,50.0
34654,49.0
34655,120.0
34656,127.0
34657,866.0
34658,890.0
34659,575.0
34660,266.0
34661,213.0
34662,535.0
34663,149.0
34664,251.0
34665,601.0
34666,613.0
34667,974.0
34668,193.0
34669,946.0
34670,946.0
34671,829.0
34672,987.0
34673,176.0
34674,653.0
34675,75.0
34676,94.0
34677,684.0
34678,68.0
34679,813.0
34680,891.0
34681,48.0
34682,971.0
34683,928.0
34684,815.0
34685,813.0
34686,239.0
34687,984.0
34688,626.0
34689,909.0
34690,251.0
34691,997.0
34692,368.0
34693,213.0
34694,213.0
34695,255.0
34696,264.0
34697,405.0
34698,909.0
34699,891.0
34700,180.0
34701,660.0
34702,789.0
34703,813.0
34704,354.0
34705,1.0
34706,559.0
34707,130.0
34708,68.0
34709,627.0
34710,767.0
34711,884.0
34712,586.0
34713,168.0
34714,54.0
34715,49.0
34716,269.0
34717,59.0
34718,361.0
34719,891.0
34720,913.0
34721,580.0
34722,498.0
34723,213.0
34724,886.0
34725,501.0
34726,917.0
34727,255.0
34728,1.0
34729,974.0
34730,924.0
34731,251.0
34732,623.0
34733,213.0
34734,866.0
34735,811.0
34736,130.0
34737,168.0
34738,544.0
34739,310.0
34740,832.0
34741,224.0
34742,251.0
34743,813.0
34744,125.0
34745,738.0
34746,813.0
34747,317.0
34748,967.0
34749,60.0
34750,168.0
34751,997.0
34752,318.0
34753,660.0
34754,59.0
34755,405.0
34756,177.0
34757,49.0
34758,245.0
34759,470.0
34760,224.0
34761,984.0
34762,216.0
34763,102.0
34764,499.0
34765,78.0
34766,255.0
34767,928.0
34768,13.0
34769,455.0
34770,391.0
34771,149.0
34772,623.0
34773,402.0
34774,752.0
34775,512.0
34776,971.0
34777,997.0
34778,405.0
34779,213.0
34780,200.0
34781,317.0
34782,880.0
34783,960.0
34784,767.0
34785,779.0
34786,48.0
34787,909.0
34788,13.0
34789,75.0
34790,497.0
34791,813.0
34792,213.0
34793,168.0
34794,891.0
34795,361.0
34796,921.0
34797,890.0
34798,924.0
34799,501.0
34800,454.0
34801,49.0
34802,343.0
34803,720.0
34804,779.0
34805,130.0
34806,533.0
34807,979.0
34808,580.0
34809,977.0
34810,352.0
34811,454.0
34812,489.0
34813,468.0
34814,49.0
34815,60.0
34816,902.0
34817,660.0
34818,489.0
34819,866.0
34820,445.0
34821,529.0
34822,213.0
34823,319.0
34824,558.0
34825,558.0
34826,917.0
34827,580.0
34828,815.0
34829,440.0
34830,886.0
34831,534.0
34832,59.0
34833,762.0
34834,213.0
34835,445.0
34836,924.0
34837,127.0
34838,361.0
34839,48.0
34840,191.0
34841,915.0
34842,916.0
34843,917.0
34844,489.0
34845,974.0
34846,127.0
34847,361.0
34848,627.0
34849,446.0
34850,527.0
34851,115.0
34852,613.0
34853,68.0
34854,111.0
34855,917.0
34856,213.0
34857,213.0
34858,59.0
34859,41.0
34860,75.0
34861,839.0
34862,905.0
34863,317.0
34864,177.0
34865,627.0
34866,13.0
34867,974.0
34868,475.0
34869,915.0
34870,104.0
34871,733.0
34872,251.0
34873,239.0
34874,831.0
34875,575.0
34876,684.0
34877,48.0
34878,775.0
34879,813.0
34880,180.0
34881,251.0
34882,866.0
34883,767.0
34884,795.0
34885,866.0
34886,928.0
34887,251.0
34888,468.0
34889,166.0
34890,575.0
34891,68.0
34892,13.0
34893,928.0
34894,138.0
34895,49.0
34896,48.0
34897,39.0
34898,193.0
34899,928.0
34900,939.0
34901,912.0
34902,979.0
34903,746.0
34904,149.0
34905,54.0
34906,884.0
34907,317.0
34908,405.0
34909,41.0
34910,909.0
34911,405.0
34912,559.0
34913,909.0
34914,813.0
34915,779.0
34916,48.0
34917,41.0
34918,917.0
34919,213.0
34920,49.0
34921,544.0
34922,361.0
34923,25.0
34924,130.0
34925,9.0
34926,68.0
34927,213.0
34928,882.0
34929,445.0
34930,561.0
34931,130.0
34932,454.0
34933,632.0
34934,909.0
34935,798.0
34936,361.0
34937,120.0
34938,811.0
34939,905.0
34940,166.0
34941,445.0
34942,200.0
34943,788.0
34944,823.0
34945,49.0
34946,497.0
34947,239.0
34948,946.0
34949,361.0
34950,198.0
34951,200.0
34952,318.0
34953,575.0
34954,559.0
34955,839.0
34956,251.0
34957,924.0
34958,406.0
34959,388.0
34960,19.0
34961,575.0
34962,213.0
34963,813.0
34964,627.0
34965,59.0
34966,317.0
34967,94.0
34968,193.0
34969,813.0
34970,895.0
34971,41.0
34972,897.0
34973,445.0
34974,317.0
34975,997.0
34976,580.0
34977,979.0
34978,984.0
34979,9.0
34980,734.0
34981,897.0
34982,632.0
34983,41.0
34984,381.0
34985,813.0
34986,924.0
34987,200.0
34988,855.0
34989,946.0
34990,984.0
34991,924.0
34992,468.0
34993,13.0
34994,733.0
34995,468.0
34996,83.0
34997,445.0
34998,597.0
34999,68.0
35000,120.0
35001,49.0
35002,973.0
35003,239.0
35004,812.0
35005,498.0
35006,213.0
35007,543.0
35008,813.0
35009,405.0
35010,527.0
35011,628.0
35012,325.0
35013,562.0
35014,448.0
35015,575.0
35016,553.0
35017,193.0
35018,905.0
35019,168.0
35020,97.0
35021,974.0
35022,1.0
35023,575.0
35024,49.0
35025,823.0
35026,371.0
35027,445.0
35028,83.0
35029,832.0
35030,832.0
35031,512.0
35032,130.0
35033,917.0
35034,13.0
35035,946.0
35036,255.0
35037,59.0
35038,811.0
35039,946.0
35040,454.0
35041,75.0
35042,1.0
35043,94.0
35044,168.0
35045,352.0
35046,445.0
35047,68.0
35048,454.0
35049,324.0
35050,75.0
35051,68.0
35052,921.0
35053,50.0
35054,974.0
35055,977.0
35056,302.0
35057,813.0
35058,909.0
35059,580.0
35060,213.0
35061,361.0
35062,41.0
35063,660.0
35064,803.0
35065,939.0
35066,352.0
35067,273.0
35068,83.0
35069,41.0
35070,813.0
35071,601.0
35072,917.0
35073,375.0
35074,895.0
35075,216.0
35076,83.0
35077,878.0
35078,149.0
35079,917.0
35080,462.0
35081,213.0
35082,813.0
35083,928.0
35084,49.0
35085,168.0
35086,597.0
35087,42.0
35088,917.0
35089,813.0
35090,104.0
35091,946.0
35092,974.0
35093,445.0
35094,839.0
35095,462.0
35096,917.0
35097,813.0
35098,127.0
35099,909.0
35100,660.0
35101,48.0
35102,866.0
35103,405.0
35104,120.0
35105,405.0
35106,13.0
35107,48.0
35108,785.0
35109,470.0
35110,49.0
35111,251.0
35112,9.0
35113,361.0
35114,1.0
35115,213.0
35116,627.0
35117,13.0
35118,454.0
35119,307.0
35120,130.0
35121,974.0
35122,168.0
35123,917.0
35124,575.0
35125,25.0
35126,718.0
35127,909.0
35128,512.0
35129,813.0
35130,361.0
35131,928.0
35132,915.0
35133,405.0
35134,580.0
35135,655.0
35136,866.0
35137,130.0
35138,916.0
35139,94.0
35140,370.0
35141,559.0
35142,928.0
35143,49.0
35144,562.0
35145,813.0
35146,454.0
35147,130.0
35148,59.0
35149,361.0
35150,813.0
35151,49.0
35152,823.0
35153,798.0
35154,213.0
35155,585.0
35156,960.0
35157,917.0
35158,402.0
35159,405.0
35160,251.0
35161,75.0
35162,354.0
35163,597.0
35164,921.0
35165,812.0
35166,149.0
35167,628.0
35168,317.0
35169,405.0
35170,445.0
35171,41.0
35172,569.0
35173,42.0
35174,660.0
35175,499.0
35176,239.0
35177,917.0
35178,41.0
35179,909.0
35180,177.0
35181,68.0
35182,984.0
35183,916.0
35184,217.0
35185,68.0
35186,618.0
35187,213.0
35188,324.0
35189,884.0
35190,917.0
35191,991.0
35192,916.0
35193,104.0
35194,924.0
35195,361.0
35196,445.0
35197,840.0
35198,9.0
35199,660.0
35200,19.0
35201,759.0
35202,974.0
35203,928.0
35204,251.0
35205,317.0
35206,213.0
35207,454.0
35208,325.0
35209,149.0
35210,16.0
35211,454.0
35212,815.0
35213,660.0
35214,130.0
35215,168.0
35216,974.0
35217,213.0
35218,720.0
35219,917.0
35220,361.0
35221,489.0
35222,917.0
35223,984.0
35224,352.0
35225,405.0
35226,815.0
35227,815.0
35228,183.0
35229,639.0
35230,317.0
35231,13.0
35232,264.0
35233,928.0
35234,49.0
35235,97.0
35236,49.0
35237,984.0
35238,725.0
35239,580.0
35240,102.0
35241,813.0
35242,48.0
35243,707.0
35244,909.0
35245,302.0
35246,50.0
35247,7.0
35248,559.0
35249,974.0
35250,984.0
35251,454.0
35252,104.0
35253,83.0
35254,130.0
35255,361.0
35256,855.0
35257,866.0
35258,445.0
35259,317.0
35260,308.0
35261,97.0
35262,120.0
35263,884.0
35264,406.0
35265,454.0
35266,909.0
35267,392.0
35268,59.0
35269,527.0
35270,130.0
35271,200.0
35272,149.0
35273,325.0
35274,656.0
35275,928.0
35276,474.0
35277,305.0
35278,543.0
35279,813.0
35280,974.0
35281,251.0
35282,584.0
35283,130.0
35284,928.0
35285,627.0
35286,979.0
35287,462.0
35288,902.0
35289,829.0
35290,662.0
35291,448.0
35292,529.0
35293,168.0
35294,924.0
35295,946.0
35296,389.0
35297,255.0
35298,660.0
35299,924.0
35300,866.0
35301,317.0
35302,974.0
35303,325.0
35304,454.0
35305,813.0
35306,48.0
35307,580.0
35308,363.0
35309,149.0
35310,939.0
35311,648.0
35312,168.0
35313,909.0
35314,788.0
35315,193.0
35316,94.0
35317,924.0
35318,149.0
35319,125.0
35320,67.0
35321,166.0
35322,264.0
35323,391.0
35324,307.0
35325,384.0
35326,660.0
35327,832.0
35328,557.0
35329,627.0
35330,662.0
35331,597.0
35332,541.0
35333,317.0
35334,912.0
35335,713.0
35336,445.0
35337,541.0
35338,48.0
35339,912.0
35340,325.0
35341,292.0
35342,273.0
35343,13.0
35344,402.0
35345,886.0
35346,41.0
35347,54.0
35348,812.0
35349,813.0
35350,405.0
35351,839.0
35352,832.0
35353,213.0
35354,543.0
35355,13.0
35356,725.0
35357,575.0
35358,570.0
35359,200.0
35360,213.0
35361,48.0
35362,13.0
35363,891.0
35364,445.0
35365,905.0
35366,832.0
35367,168.0
35368,884.0
35369,924.0
35370,924.0
35371,130.0
35372,49.0
35373,924.0
35374,882.0
35375,49.0
35376,738.0
35377,361.0
35378,310.0
35379,94.0
35380,721.0
35381,811.0
35382,50.0
35383,725.0
35384,832.0
35385,50.0
35386,987.0
35387,989.0
35388,168.0
35389,13.0
35390,25.0
35391,251.0
35392,352.0
35393,474.0
35394,251.0
35395,130.0
35396,318.0
35397,909.0
35398,820.0
35399,916.0
35400,984.0
35401,59.0
35402,405.0
35403,318.0
35404,213.0
35405,405.0
35406,831.0
35407,50.0
35408,615.0
35409,405.0
35410,371.0
35411,168.0
35412,585.0
35413,924.0
35414,772.0
35415,767.0
35416,48.0
35417,273.0
35418,48.0
35419,445.0
35420,317.0
35421,989.0
35422,866.0
35423,917.0
35424,660.0
35425,405.0
35426,432.0
35427,974.0
35428,41.0
35429,78.0
35430,712.0
35431,533.0
35432,197.0
35433,13.0
35434,839.0
35435,49.0
35436,866.0
35437,812.0
35438,50.0
35439,251.0
35440,661.0
35441,855.0
35442,97.0
35443,310.0
35444,813.0
35445,909.0
35446,499.0
35447,361.0
35448,924.0
35449,989.0
35450,813.0
35451,916.0
35452,48.0
35453,68.0
35454,213.0
35455,406.0
35456,454.0
35457,706.0
35458,613.0
35459,317.0
35460,213.0
35461,224.0
35462,118.0
35463,127.0
35464,580.0
35465,495.0
35466,839.0
35467,454.0
35468,839.0
35469,49.0
35470,594.0
35471,803.0
35472,924.0
35473,924.0
35474,130.0
35475,361.0
35476,305.0
35477,977.0
35478,292.0
35479,718.0
35480,264.0
35481,983.0
35482,361.0
35483,767.0
35484,50.0
35485,979.0
35486,149.0
35487,569.0
35488,75.0
35489,97.0
35490,305.0
35491,815.0
35492,463.0
35493,535.0
35494,882.0
35495,984.0
35496,324.0
35497,68.0
35498,41.0
35499,924.0
35500,139.0
35501,939.0
35502,251.0
35503,361.0
35504,813.0
35505,310.0
35506,813.0
35507,989.0
35508,580.0
35509,440.0
35510,846.0
35511,102.0
35512,970.0
35513,134.0
35514,878.0
35515,813.0
35516,924.0
35517,405.0
35518,305.0
35519,882.0
35520,541.0
35521,166.0
35522,991.0
35523,176.0
35524,118.0
35525,984.0
35526,798.0
35527,798.0
35528,406.0
35529,627.0
35530,50.0
35531,318.0
35532,13.0
35533,405.0
35534,575.0
35535,575.0
35536,580.0
35537,916.0
35538,891.0
35539,597.0
35540,809.0
35541,916.0
35542,347.0
35543,251.0
35544,94.0
35545,917.0
35546,512.0
35547,294.0
35548,924.0
35549,213.0
35550,130.0
35551,68.0
35552,989.0
35553,49.0
35554,325.0
35555,454.0
35556,454.0
35557,924.0
35558,529.0
35559,130.0
35560,974.0
35561,912.0
35562,274.0
35563,307.0
35564,871.0
35565,48.0
35566,924.0
35567,176.0
35568,997.0
35569,839.0
35570,49.0
35571,525.0
35572,924.0
35573,440.0
35574,130.0
35575,391.0
35576,213.0
35577,974.0
35578,168.0
35579,809.0
35580,50.0
35581,846.0
35582,767.0
35583,917.0
35584,168.0
35585,405.0
35586,407.0
35587,59.0
35588,712.0
35589,597.0
35590,317.0
35591,512.0
35592,474.0
35593,78.0
35594,809.0
35595,983.0
35596,224.0
35597,767.0
35598,217.0
35599,946.0
35600,454.0
35601,909.0
35602,317.0
35603,266.0
35604,921.0
35605,578.0
35606,213.0
35607,489.0
35608,130.0
35609,559.0
35610,984.0
35611,575.0
35612,405.0
35613,13.0
35614,9.0
35615,960.0
35616,813.0
35617,13.0
35618,30.0
35619,983.0
35620,324.0
35621,48.0
35622,569.0
35623,97.0
35624,946.0
35625,946.0
35626,613.0
35627,813.0
35628,41.0
35629,575.0
35630,656.0
35631,974.0
35632,924.0
35633,50.0
35634,445.0
35635,917.0
35636,917.0
35637,813.0
35638,454.0
35639,213.0
35640,352.0
35641,813.0
35642,974.0
35643,561.0
35644,917.0
35645,130.0
35646,446.0
35647,846.0
35648,48.0
35649,13.0
35650,49.0
35651,97.0
35652,632.0
35653,70.0
35654,445.0
35655,534.0
35656,474.0
35657,746.0
35658,138.0
35659,897.0
35660,213.0
35661,928.0
35662,541.0
35663,533.0
35664,168.0
35665,929.0
35666,59.0
35667,928.0
35668,823.0
35669,572.0
35670,149.0
35671,149.0
35672,866.0
35673,213.0
35674,813.0
35675,470.0
35676,406.0
35677,580.0
35678,445.0
35679,6.0
35680,305.0
35681,405.0
35682,846.0
35683,213.0
35684,405.0
35685,913.0
35686,756.0
35687,812.0
35688,134.0
35689,59.0
35690,928.0
35691,924.0
35692,575.0
35693,130.0
35694,361.0
35695,8.0
35696,361.0
35697,767.0
35698,798.0
35699,149.0
35700,361.0
35701,594.0
35702,713.0
35703,68.0
35704,324.0
35705,405.0
35706,974.0
35707,575.0
35708,454.0
35709,974.0
35710,317.0
35711,832.0
35712,454.0
35713,916.0
35714,924.0
35715,862.0
35716,533.0
35717,831.0
35718,809.0
35719,474.0
35720,463.0
35721,813.0
35722,130.0
35723,405.0
35724,67.0
35725,59.0
35726,104.0
35727,789.0
35728,997.0
35729,406.0
35730,317.0
35731,255.0
35732,924.0
35733,924.0
35734,832.0
35735,361.0
35736,915.0
35737,489.0
35738,648.0
35739,54.0
35740,813.0
35741,239.0
35742,575.0
35743,831.0
35744,9.0
35745,200.0
35746,144.0
35747,405.0
35748,559.0
35749,789.0
35750,928.0
35751,41.0
35752,68.0
35753,586.0
35754,813.0
35755,535.0
35756,917.0
35757,971.0
35758,839.0
35759,884.0
35760,575.0
35761,933.0
35762,50.0
35763,191.0
35764,198.0
35765,193.0
35766,305.0
35767,138.0
35768,405.0
35769,884.0
35770,656.0
35771,543.0
35772,392.0
35773,970.0
35774,49.0
35775,13.0
35776,251.0
35777,120.0
35778,305.0
35779,474.0
35780,130.0
35781,789.0
35782,813.0
35783,767.0
35784,174.0
35785,370.0
35786,67.0
35787,917.0
35788,48.0
35789,166.0
35790,926.0
35791,974.0
35792,974.0
35793,627.0
35794,866.0
35795,354.0
35796,813.0
35797,895.0
35798,251.0
35799,660.0
35800,570.0
35801,762.0
35802,627.0
35803,354.0
35804,343.0
35805,317.0
35806,813.0
35807,924.0
35808,946.0
35809,535.0
35810,762.0
35811,971.0
35812,213.0
35813,902.0
35814,974.0
35815,635.0
35816,405.0
35817,529.0
35818,839.0
35819,68.0
35820,584.0
35821,213.0
35822,54.0
35823,924.0
35824,255.0
35825,49.0
35826,924.0
35827,168.0
35828,50.0
35829,661.0
35830,924.0
35831,462.0
35832,149.0
35833,305.0
35834,620.0
35835,41.0
35836,533.0
35837,984.0
35838,570.0
35839,168.0
35840,884.0
35841,946.0
35842,662.0
35843,974.0
35844,130.0
35845,39.0
35846,627.0
35847,495.0
35848,928.0
35849,924.0
35850,255.0
35851,361.0
35852,535.0
35853,753.0
35854,168.0
35855,405.0
35856,498.0
35857,325.0
35858,580.0
35859,570.0
35860,130.0
35861,330.0
35862,317.0
35863,104.0
35864,924.0
35865,813.0
35866,13.0
35867,130.0
35868,251.0
35869,370.0
35870,13.0
35871,924.0
35872,470.0
35873,213.0
35874,846.0
35875,823.0
35876,984.0
35877,891.0
35878,627.0
35879,446.0
35880,9.0
35881,928.0
35882,928.0
35883,200.0
35884,831.0
35885,984.0
35886,891.0
35887,483.0
35888,475.0
35889,813.0
35890,823.0
35891,1.0
35892,660.0
35893,812.0
35894,815.0
35895,627.0
35896,597.0
35897,432.0
35898,39.0
35899,213.0
35900,213.0
35901,762.0
35902,924.0
35903,245.0
35904,1.0
35905,104.0
35906,347.0
35907,65.0
35908,405.0
35909,570.0
35910,49.0
35911,439.0
35912,628.0
35913,946.0
35914,813.0
35915,75.0
35916,559.0
35917,402.0
35918,917.0
35919,305.0
35920,305.0
35921,580.0
35922,660.0
35923,811.0
35924,149.0
35925,130.0
35926,884.0
35927,70.0
35928,361.0
35929,924.0
35930,823.0
35931,49.0
35932,788.0
35933,325.0
35934,628.0
35935,94.0
35936,498.0
35937,202.0
35938,813.0
35939,213.0
35940,733.0
35941,213.0
35942,946.0
35943,762.0
35944,130.0
35945,75.0
35946,627.0
35947,855.0
35948,721.0
35949,832.0
35950,318.0
35951,118.0
35952,928.0
35953,429.0
35954,41.0
35955,997.0
35956,813.0
35957,324.0
35958,512.0
35959,406.0
35960,48.0
35961,68.0
35962,913.0
35963,567.0
35964,171.0
35965,197.0
35966,984.0
35967,533.0
35968,597.0
35969,1.0
35970,601.0
35971,454.0
35972,813.0
35973,59.0
35974,9.0
35975,813.0
35976,917.0
35977,913.0
35978,41.0
35979,13.0
35980,946.0
35981,75.0
35982,917.0
35983,104.0
35984,785.0
35985,216.0
35986,543.0
35987,823.0
35988,721.0
35989,49.0
35990,42.0
35991,25.0
35992,635.0
35993,361.0
35994,813.0
35995,884.0
35996,902.0
35997,67.0
35998,168.0
35999,924.0
36000,213.0
36001,138.0
36002,921.0
36003,891.0
36004,884.0
36005,168.0
36006,19.0
36007,264.0
36008,832.0
36009,104.0
36010,294.0
36011,559.0
36012,205.0
36013,130.0
36014,562.0
36015,891.0
36016,361.0
36017,216.0
36018,813.0
36019,569.0
36020,866.0
36021,168.0
36022,94.0
36023,9.0
36024,317.0
36025,41.0
36026,49.0
36027,895.0
36028,454.0
36029,905.0
36030,9.0
36031,946.0
36032,454.0
36033,581.0
36034,352.0
36035,997.0
36036,454.0
36037,176.0
36038,50.0
36039,897.0
36040,405.0
36041,653.0
36042,628.0
36043,809.0
36044,813.0
36045,468.0
36046,75.0
36047,357.0
36048,949.0
36049,325.0
36050,310.0
36051,94.0
36052,581.0
36053,917.0
36054,839.0
36055,984.0
36056,924.0
36057,130.0
36058,54.0
36059,733.0
36060,120.0
36061,501.0
36062,127.0
36063,136.0
36064,916.0
36065,762.0
36066,912.0
36067,445.0
36068,317.0
36069,813.0
36070,620.0
36071,118.0
36072,884.0
36073,997.0
36074,120.0
36075,273.0
36076,454.0
36077,627.0
36078,6.0
36079,251.0
36080,370.0
36081,49.0
36082,213.0
36083,274.0
36084,213.0
36085,208.0
36086,224.0
36087,213.0
36088,533.0
36089,251.0
36090,251.0
36091,462.0
36092,989.0
36093,660.0
36094,928.0
36095,454.0
36096,916.0
36097,798.0
36098,454.0
36099,139.0
36100,370.0
36101,361.0
36102,130.0
36103,406.0
36104,543.0
36105,897.0
36106,255.0
36107,924.0
36108,813.0
36109,41.0
36110,568.0
36111,41.0
36112,454.0
36113,120.0
36114,405.0
36115,512.0
36116,924.0
36117,120.0
36118,134.0
36119,756.0
36120,909.0
36121,120.0
36122,358.0
36123,361.0
36124,974.0
36125,831.0
36126,75.0
36127,405.0
36128,405.0
36129,924.0
36130,946.0
36131,49.0
36132,352.0
36133,318.0
36134,846.0
36135,363.0
36136,557.0
36137,861.0
36138,970.0
36139,512.0
36140,527.0
36141,660.0
36142,767.0
36143,607.0
36144,251.0
36145,405.0
36146,251.0
36147,13.0
36148,813.0
36149,202.0
36150,193.0
36151,48.0
36152,909.0
36153,149.0
36154,239.0
36155,746.0
36156,928.0
36157,909.0
36158,405.0
36159,974.0
36160,917.0
36161,371.0
36162,916.0
36163,809.0
36164,13.0
36165,193.0
36166,255.0
36167,325.0
36168,251.0
36169,75.0
36170,974.0
36171,59.0
36172,813.0
36173,832.0
36174,974.0
36175,239.0
36176,50.0
36177,130.0
36178,255.0
36179,446.0
36180,989.0
36181,832.0
36182,946.0
36183,70.0
36184,70.0
36185,111.0
36186,974.0
36187,318.0
36188,977.0
36189,325.0
36190,721.0
36191,130.0
36192,580.0
36193,384.0
36194,318.0
36195,823.0
36196,330.0
36197,989.0
36198,59.0
36199,823.0
36200,68.0
36201,292.0
36202,370.0
36203,628.0
36204,632.0
36205,445.0
36206,924.0
36207,41.0
36208,928.0
36209,149.0
36210,902.0
36211,138.0
36212,445.0
36213,570.0
36214,368.0
36215,224.0
36216,559.0
36217,49.0
36218,946.0
36219,168.0
36220,48.0
36221,570.0
36222,49.0
36223,50.0
36224,813.0
36225,216.0
36226,318.0
36227,855.0
36228,9.0
36229,468.0
36230,305.0
36231,319.0
36232,813.0
36233,462.0
36234,130.0
36235,575.0
36236,809.0
36237,989.0
36238,213.0
36239,305.0
36240,100.0
36241,432.0
36242,813.0
36243,489.0
36244,580.0
36245,924.0
36246,429.0
36247,305.0
36248,983.0
36249,803.0
36250,813.0
36251,924.0
36252,324.0
36253,995.0
36254,839.0
36255,533.0
36256,317.0
36257,445.0
36258,168.0
36259,561.0
36260,997.0
36261,354.0
36262,565.0
36263,909.0
36264,928.0
36265,130.0
36266,813.0
36267,54.0
36268,213.0
36269,570.0
36270,909.0
36271,445.0
36272,970.0
36273,42.0
36274,454.0
36275,375.0
36276,913.0
36277,628.0
36278,917.0
36279,439.0
36280,102.0
36281,256.0
36282,832.0
36283,179.0
36284,529.0
36285,213.0
36286,924.0
36287,49.0
36288,251.0
36289,895.0
36290,831.0
36291,408.0
36292,955.0
36293,795.0
36294,251.0
36295,360.0
36296,498.0
36297,48.0
36298,989.0
36299,909.0
36300,317.0
36301,586.0
36302,256.0
36303,989.0
36304,388.0
36305,580.0
36306,915.0
36307,41.0
36308,798.0
36309,70.0
36310,120.0
36311,504.0
36312,49.0
36313,213.0
36314,489.0
36315,895.0
36316,832.0
36317,620.0
36318,83.0
36319,13.0
36320,193.0
36321,813.0
36322,909.0
36323,813.0
36324,49.0
36325,202.0
36326,977.0
36327,180.0
36328,924.0
36329,262.0
36330,713.0
36331,557.0
36332,627.0
36333,917.0
36334,541.0
36335,75.0
36336,662.0
36337,813.0
36338,946.0
36339,928.0
36340,946.0
36341,656.0
36342,94.0
36343,969.0
36344,846.0
36345,168.0
36346,984.0
36347,361.0
36348,310.0
36349,353.0
36350,855.0
36351,917.0
36352,351.0
36353,149.0
36354,653.0
36355,909.0
36356,580.0
36357,445.0
36358,1.0
36359,815.0
36360,120.0
36361,213.0
36362,317.0
36363,656.0
36364,354.0
36365,840.0
36366,213.0
36367,909.0
36368,454.0
36369,607.0
36370,575.0
36371,255.0
36372,391.0
36373,529.0
36374,407.0
36375,406.0
36376,310.0
36377,935.0
36378,997.0
36379,917.0
36380,193.0
36381,354.0
36382,566.0
36383,823.0
36384,402.0
36385,984.0
36386,343.0
36387,909.0
36388,974.0
36389,213.0
36390,562.0
36391,59.0
36392,884.0
36393,251.0
36394,213.0
36395,501.0
36396,866.0
36397,974.0
36398,213.0
36399,224.0
36400,402.0
36401,49.0
36402,987.0
36403,924.0
36404,255.0
36405,909.0
36406,844.0
36407,216.0
36408,866.0
36409,974.0
36410,361.0
36411,720.0
36412,305.0
36413,512.0
36414,924.0
36415,677.0
36416,915.0
36417,580.0
36418,149.0
36419,292.0
36420,771.0
36421,751.0
36422,75.0
36423,924.0
36424,504.0
36425,813.0
36426,917.0
36427,746.0
36428,68.0
36429,902.0
36430,120.0
36431,580.0
36432,665.0
36433,746.0
36434,325.0
36435,655.0
36436,984.0
36437,138.0
36438,445.0
36439,720.0
36440,197.0
36441,75.0
36442,59.0
36443,25.0
36444,59.0
36445,149.0
36446,343.0
36447,660.0
36448,495.0
36449,445.0
36450,168.0
36451,497.0
36452,445.0
36453,924.0
36454,512.0
36455,310.0
36456,213.0
36457,1.0
36458,498.0
36459,928.0
36460,489.0
36461,989.0
36462,586.0
36463,891.0
36464,59.0
36465,13.0
36466,7.0
36467,317.0
36468,405.0
36469,405.0
36470,213.0
36471,160.0
36472,813.0
36473,405.0
36474,445.0
36475,41.0
36476,29.0
36477,813.0
36478,104.0
36479,255.0
36480,598.0
36481,361.0
36482,120.0
36483,809.0
36484,684.0
36485,29.0
36486,946.0
36487,213.0
36488,891.0
36489,29.0
36490,41.0
36491,353.0
36492,99.0
36493,924.0
36494,789.0
36495,136.0
36496,839.0
36497,635.0
36498,924.0
36499,813.0
36500,149.0
36501,959.0
36502,213.0
36503,660.0
36504,67.0
36505,130.0
36506,989.0
36507,41.0
36508,120.0
36509,581.0
36510,180.0
36511,130.0
36512,974.0
36513,239.0
36514,213.0
36515,388.0
36516,989.0
36517,928.0
36518,895.0
36519,445.0
36520,75.0
36521,70.0
36522,580.0
36523,813.0
36524,917.0
36525,912.0
36526,405.0
36527,41.0
36528,924.0
36529,50.0
36530,997.0
36531,924.0
36532,580.0
36533,813.0
36534,762.0
36535,120.0
36536,216.0
36537,9.0
36538,821.0
36539,777.0
36540,813.0
36541,307.0
36542,59.0
36543,94.0
36544,41.0
36545,50.0
36546,921.0
36547,917.0
36548,613.0
36549,68.0
36550,512.0
36551,984.0
36552,916.0
36553,575.0
36554,662.0
36555,767.0
36556,120.0
36557,527.0
36558,48.0
36559,213.0
36560,273.0
36561,216.0
36562,149.0
36563,454.0
36564,946.0
36565,405.0
36566,762.0
36567,575.0
36568,136.0
36569,660.0
36570,984.0
36571,352.0
36572,991.0
36573,102.0
36574,104.0
36575,987.0
36576,197.0
36577,984.0
36578,1.0
36579,13.0
36580,138.0
36581,149.0
36582,580.0
36583,255.0
36584,13.0
36585,580.0
36586,179.0
36587,405.0
36588,891.0
36589,946.0
36590,318.0
36591,439.0
36592,562.0
36593,928.0
36594,984.0
36595,928.0
36596,489.0
36597,139.0
36598,193.0
36599,912.0
36600,832.0
36601,529.0
36602,989.0
36603,361.0
36604,627.0
36605,213.0
36606,361.0
36607,861.0
36608,59.0
36609,984.0
36610,813.0
36611,290.0
36612,924.0
36613,305.0
36614,213.0
36615,655.0
36616,979.0
36617,767.0
36618,785.0
36619,310.0
36620,7.0
36621,445.0
36622,216.0
36623,405.0
36624,565.0
36625,41.0
36626,946.0
36627,264.0
36628,361.0
36629,454.0
36630,54.0
36631,762.0
36632,660.0
36633,546.0
36634,168.0
36635,660.0
36636,831.0
36637,803.0
36638,75.0
36639,813.0
36640,813.0
36641,823.0
36642,200.0
36643,213.0
36644,916.0
36645,762.0
36646,846.0
36647,721.0
36648,541.0
36649,213.0
36650,613.0
36651,566.0
36652,168.0
36653,917.0
36654,656.0
36655,831.0
36656,48.0
36657,455.0
36658,989.0
36659,213.0
36660,580.0
36661,168.0
36662,902.0
36663,41.0
36664,917.0
36665,662.0
36666,454.0
36667,361.0
36668,48.0
36669,871.0
36670,49.0
36671,354.0
36672,813.0
36673,946.0
36674,580.0
36675,13.0
36676,839.0
36677,49.0
36678,575.0
36679,979.0
36680,127.0
36681,839.0
36682,9.0
36683,725.0
36684,535.0
36685,232.0
36686,361.0
36687,928.0
36688,803.0
36689,970.0
36690,613.0
36691,130.0
36692,370.0
36693,392.0
36694,94.0
36695,984.0
36696,130.0
36697,655.0
36698,924.0
36699,895.0
36700,454.0
36701,354.0
36702,984.0
36703,120.0
36704,361.0
36705,970.0
36706,946.0
36707,130.0
36708,160.0
36709,239.0
36710,909.0
36711,627.0
36712,402.0
36713,216.0
36714,974.0
36715,104.0
36716,352.0
36717,559.0
36718,361.0
36719,48.0
36720,251.0
36721,445.0
36722,890.0
36723,543.0
36724,125.0
36725,343.0
36726,41.0
36727,405.0
36728,224.0
36729,489.0
36730,239.0
36731,512.0
36732,917.0
36733,94.0
36734,989.0
36735,48.0
36736,831.0
36737,746.0
36738,846.0
36739,803.0
36740,846.0
36741,405.0
36742,19.0
36743,130.0
36744,813.0
36745,305.0
36746,183.0
36747,251.0
36748,946.0
36749,120.0
36750,305.0
36751,361.0
36752,19.0
36753,627.0
36754,871.0
36755,890.0
36756,924.0
36757,361.0
36758,78.0
36759,846.0
36760,527.0
36761,202.0
36762,59.0
36763,924.0
36764,166.0
36765,448.0
36766,813.0
36767,884.0
36768,832.0
36769,789.0
36770,840.0
36771,916.0
36772,1.0
36773,813.0
36774,803.0
36775,499.0
36776,984.0
36777,8.0
36778,49.0
36779,130.0
36780,13.0
36781,130.0
36782,68.0
36783,924.0
36784,468.0
36785,656.0
36786,136.0
36787,49.0
36788,405.0
36789,208.0
36790,213.0
36791,166.0
36792,50.0
36793,884.0
36794,445.0
36795,94.0
36796,939.0
36797,1.0
36798,104.0
36799,575.0
36800,343.0
36801,470.0
36802,543.0
36803,1.0
36804,815.0
36805,917.0
36806,989.0
36807,924.0
36808,239.0
36809,928.0
36810,97.0
36811,909.0
36812,928.0
36813,302.0
36814,255.0
36815,997.0
36816,553.0
36817,292.0
36818,361.0
36819,251.0
36820,924.0
36821,974.0
36822,405.0
36823,912.0
36824,677.0
36825,68.0
36826,924.0
36827,855.0
36828,193.0
36829,9.0
36830,653.0
36831,979.0
36832,546.0
36833,891.0
36834,251.0
36835,273.0
36836,813.0
36837,94.0
36838,213.0
36839,660.0
36840,305.0
36841,712.0
36842,406.0
36843,213.0
36844,68.0
36845,627.0
36846,580.0
36847,305.0
36848,635.0
36849,445.0
36850,264.0
36851,13.0
36852,9.0
36853,125.0
36854,924.0
36855,168.0
36856,803.0
36857,193.0
36858,924.0
36859,832.0
36860,310.0
36861,50.0
36862,168.0
36863,440.0
36864,813.0
36865,543.0
36866,891.0
36867,208.0
36868,601.0
36869,767.0
36870,512.0
36871,655.0
36872,570.0
36873,251.0
36874,361.0
36875,130.0
36876,884.0
36877,13.0
36878,361.0
36879,217.0
36880,813.0
36881,213.0
36882,361.0
36883,168.0
36884,580.0
36885,643.0
36886,984.0
36887,224.0
36888,310.0
36889,59.0
36890,882.0
36891,924.0
36892,317.0
36893,924.0
36894,928.0
36895,891.0
36896,136.0
36897,149.0
36898,49.0
36899,307.0
36900,543.0
36901,149.0
36902,310.0
36903,928.0
36904,562.0
36905,661.0
36906,890.0
36907,846.0
36908,180.0
36909,813.0
36910,498.0
36911,41.0
36912,454.0
36913,662.0
36914,909.0
36915,580.0
36916,946.0
36917,294.0
36918,102.0
36919,913.0
36920,984.0
36921,120.0
36922,660.0
36923,305.0
36924,823.0
36925,361.0
36926,866.0
36927,884.0
36928,75.0
36929,498.0
36930,762.0
36931,13.0
36932,905.0
36933,213.0
36934,168.0
36935,813.0
36936,50.0
36937,862.0
36938,94.0
36939,789.0
36940,168.0
36941,49.0
36942,68.0
36943,924.0
36944,305.0
36945,846.0
36946,916.0
36947,997.0
36948,684.0
36949,924.0
36950,125.0
36951,193.0
36952,94.0
36953,49.0
36954,977.0
36955,125.0
36956,917.0
36957,979.0
36958,831.0
36959,330.0
36960,738.0
36961,307.0
36962,6.0
36963,660.0
36964,813.0
36965,917.0
36966,580.0
36967,224.0
36968,213.0
36969,813.0
36970,168.0
36971,354.0
36972,997.0
36973,570.0
36974,946.0
36975,102.0
36976,815.0
36977,177.0
36978,585.0
36979,120.0
36980,454.0
36981,130.0
36982,924.0
36983,880.0
36984,97.0
36985,939.0
36986,361.0
36987,839.0
36988,354.0
36989,158.0
36990,445.0
36991,839.0
36992,251.0
36993,13.0
36994,310.0
36995,13.0
36996,997.0
36997,483.0
36998,916.0
36999,406.0
37000,960.0
37001,470.0
37002,580.0
37003,823.0
37004,305.0
37005,247.0
37006,75.0
37007,305.0
37008,361.0
37009,13.0
37010,251.0
37011,866.0
37012,832.0
37013,251.0
37014,48.0
37015,839.0
37016,915.0
37017,661.0
37018,489.0
37019,9.0
37020,13.0
37021,632.0
37022,756.0
37023,305.0
37024,977.0
37025,352.0
37026,75.0
37027,54.0
37028,834.0
37029,665.0
37030,928.0
37031,49.0
37032,823.0
37033,813.0
37034,575.0
37035,813.0
37036,924.0
37037,607.0
37038,759.0
37039,811.0
37040,924.0
37041,213.0
37042,633.0
37043,924.0
37044,405.0
37045,48.0
37046,928.0
37047,324.0
37048,49.0
37049,454.0
37050,168.0
37051,13.0
37052,455.0
37053,255.0
37054,917.0
37055,580.0
37056,946.0
37057,354.0
37058,213.0
37059,255.0
37060,49.0
37061,465.0
37062,13.0
37063,213.0
37064,820.0
37065,273.0
37066,213.0
37067,94.0
37068,13.0
37069,49.0
37070,216.0
37071,527.0
37072,821.0
37073,7.0
37074,325.0
37075,213.0
37076,454.0
37077,895.0
37078,643.0
37079,213.0
37080,19.0
37081,392.0
37082,620.0
37083,9.0
37084,49.0
37085,317.0
37086,721.0
37087,580.0
37088,130.0
37089,446.0
37090,168.0
37091,813.0
37092,213.0
37093,580.0
37094,168.0
37095,213.0
37096,924.0
37097,83.0
37098,9.0
37099,512.0
37100,343.0
37101,772.0
37102,928.0
37103,974.0
37104,445.0
37105,924.0
37106,823.0
37107,575.0
37108,884.0
37109,846.0
37110,884.0
37111,445.0
37112,1.0
37113,609.0
37114,974.0
37115,273.0
37116,264.0
37117,166.0
37118,979.0
37119,440.0
37120,454.0
37121,632.0
37122,445.0
37123,939.0
37124,213.0
37125,138.0
37126,307.0
37127,939.0
37128,775.0
37129,440.0
37130,213.0
37131,307.0
37132,7.0
37133,895.0
37134,762.0
37135,627.0
37136,149.0
37137,977.0
37138,813.0
37139,445.0
37140,924.0
37141,921.0
37142,130.0
37143,445.0
37144,917.0
37145,712.0
37146,120.0
37147,924.0
37148,575.0
37149,41.0
37150,213.0
37151,917.0
37152,317.0
37153,605.0
37154,831.0
37155,13.0
37156,575.0
37157,370.0
37158,361.0
37159,597.0
37160,1.0
37161,273.0
37162,677.0
37163,884.0
37164,50.0
37165,924.0
37166,803.0
37167,684.0
37168,375.0
37169,183.0
37170,149.0
37171,42.0
37172,168.0
37173,213.0
37174,130.0
37175,200.0
37176,928.0
37177,41.0
37178,193.0
37179,224.0
37180,13.0
37181,361.0
37182,130.0
37183,255.0
37184,917.0
37185,405.0
37186,974.0
37187,324.0
37188,660.0
37189,49.0
37190,924.0
37191,213.0
37192,273.0
37193,762.0
37194,317.0
37195,347.0
37196,997.0
37197,409.0
37198,202.0
37199,815.0
37200,41.0
37201,255.0
37202,584.0
37203,924.0
37204,454.0
37205,660.0
37206,580.0
37207,946.0
37208,926.0
37209,970.0
37210,193.0
37211,565.0
37212,928.0
37213,917.0
37214,813.0
37215,49.0
37216,151.0
37217,193.0
37218,319.0
37219,307.0
37220,831.0
37221,149.0
37222,405.0
37223,273.0
37224,256.0
37225,785.0
37226,891.0
37227,884.0
37228,213.0
37229,317.0
37230,813.0
37231,575.0
37232,48.0
37233,746.0
37234,921.0
37235,928.0
37236,454.0
37237,987.0
37238,59.0
37239,13.0
37240,239.0
37241,924.0
37242,213.0
37243,855.0
37244,559.0
37245,474.0
37246,440.0
37247,813.0
37248,517.0
37249,13.0
37250,190.0
37251,832.0
37252,213.0
37253,290.0
37254,149.0
37255,200.0
37256,798.0
37257,891.0
37258,1.0
37259,448.0
37260,846.0
37261,330.0
37262,928.0
37263,660.0
37264,527.0
37265,586.0
37266,454.0
37267,917.0
37268,924.0
37269,9.0
37270,213.0
37271,915.0
37272,149.0
37273,834.0
37274,266.0
37275,928.0
37276,627.0
37277,454.0
37278,997.0
37279,13.0
37280,597.0
37281,371.0
37282,168.0
37283,68.0
37284,405.0
37285,75.0
37286,575.0
37287,273.0
37288,499.0
37289,134.0
37290,891.0
37291,324.0
37292,834.0
37293,771.0
37294,846.0
37295,68.0
37296,49.0
37297,213.0
37298,890.0
37299,305.0
37300,489.0
37301,317.0
37302,405.0
37303,213.0
37304,961.0
37305,660.0
37306,505.0
37307,960.0
37308,928.0
37309,946.0
37310,406.0
37311,361.0
37312,318.0
37313,305.0
37314,41.0
37315,67.0
37316,916.0
37317,897.0
37318,94.0
37319,660.0
37320,855.0
37321,446.0
37322,361.0
37323,846.0
37324,255.0
37325,917.0
37326,111.0
37327,684.0
37328,720.0
37329,997.0
37330,13.0
37331,813.0
37332,844.0
37333,120.0
37334,821.0
37335,917.0
37336,559.0
37337,213.0
37338,989.0
37339,829.0
37340,168.0
37341,130.0
37342,924.0
37343,997.0
37344,405.0
37345,470.0
37346,813.0
37347,813.0
37348,924.0
37349,176.0
37350,264.0
37351,440.0
37352,909.0
37353,529.0
37354,391.0
37355,48.0
37356,432.0
37357,198.0
37358,361.0
37359,512.0
37360,572.0
37361,49.0
37362,130.0
37363,305.0
37364,143.0
37365,405.0
37366,445.0
37367,884.0
37368,325.0
37369,454.0
37370,498.0
37371,866.0
37372,264.0
37373,441.0
37374,921.0
37375,924.0
37376,803.0
37377,166.0
37378,570.0
37379,59.0
37380,909.0
37381,317.0
37382,746.0
37383,213.0
37384,740.0
37385,677.0
37386,381.0
37387,813.0
37388,317.0
37389,213.0
37390,197.0
37391,721.0
37392,94.0
37393,928.0
37394,1.0
37395,94.0
37396,815.0
37397,197.0
37398,445.0
37399,997.0
37400,318.0
37401,946.0
37402,361.0
37403,809.0
37404,813.0
37405,213.0
37406,251.0
37407,861.0
37408,973.0
37409,832.0
37410,120.0
37411,251.0
37412,974.0
37413,924.0
37414,305.0
37415,305.0
37416,130.0
37417,844.0
37418,809.0
37419,798.0
37420,497.0
37421,67.0
37422,909.0
37423,41.0
37424,208.0
37425,318.0
37426,255.0
37427,821.0
37428,798.0
37429,580.0
37430,1.0
37431,318.0
37432,627.0
37433,361.0
37434,158.0
37435,628.0
37436,928.0
37437,984.0
37438,83.0
37439,440.0
37440,831.0
37441,361.0
37442,75.0
37443,529.0
37444,445.0
37445,389.0
37446,130.0
37447,559.0
37448,866.0
37449,7.0
37450,575.0
37451,832.0
37452,831.0
37453,361.0
37454,49.0
37455,202.0
37456,454.0
37457,660.0
37458,361.0
37459,946.0
37460,179.0
37461,813.0
37462,13.0
37463,580.0
37464,391.0
37465,779.0
37466,597.0
37467,832.0
37468,991.0
37469,391.0
37470,891.0
37471,361.0
37472,41.0
37473,917.0
37474,42.0
37475,575.0
37476,971.0
37477,41.0
37478,917.0
37479,580.0
37480,59.0
37481,42.0
37482,256.0
37483,361.0
37484,375.0
37485,569.0
37486,832.0
37487,909.0
37488,789.0
37489,9.0
37490,454.0
37491,580.0
37492,168.0
37493,149.0
37494,779.0
37495,352.0
37496,13.0
37497,216.0
37498,245.0
37499,512.0
37500,149.0
37501,813.0
37502,208.0
37503,305.0
37504,895.0
37505,1.0
37506,83.0
37507,213.0
37508,213.0
37509,789.0
37510,756.0
37511,877.0
37512,512.0
37513,439.0
37514,979.0
37515,405.0
37516,388.0
37517,264.0
37518,534.0
37519,974.0
37520,946.0
37521,406.0
37522,13.0
37523,660.0
37524,149.0
37525,120.0
37526,569.0
37527,83.0
37528,67.0
37529,762.0
37530,352.0
37531,405.0
37532,168.0
37533,290.0
37534,895.0
37535,581.0
37536,391.0
37537,68.0
37538,924.0
37539,9.0
37540,361.0
37541,543.0
37542,628.0
37543,375.0
37544,41.0
37545,913.0
37546,813.0
37547,916.0
37548,967.0
37549,997.0
37550,391.0
37551,831.0
37552,67.0
37553,839.0
37554,468.0
37555,916.0
37556,445.0
37557,41.0
37558,130.0
37559,917.0
37560,251.0
37561,580.0
37562,439.0
37563,83.0
37564,813.0
37565,862.0
37566,375.0
37567,13.0
37568,168.0
37569,193.0
37570,251.0
37571,305.0
37572,429.0
37573,915.0
37574,352.0
37575,361.0
37576,623.0
37577,202.0
37578,846.0
37579,317.0
37580,305.0
37581,352.0
37582,891.0
37583,373.0
37584,997.0
37585,913.0
37586,815.0
37587,49.0
37588,890.0
37589,955.0
37590,866.0
37591,916.0
37592,655.0
37593,317.0
37594,354.0
37595,813.0
37596,891.0
37597,405.0
37598,909.0
37599,50.0
37600,54.0
37601,405.0
37602,310.0
37603,897.0
37604,251.0
37605,832.0
37606,370.0
37607,489.0
37608,298.0
37609,41.0
37610,120.0
37611,168.0
37612,296.0
37613,94.0
37614,48.0
37615,352.0
37616,533.0
37617,310.0
37618,609.0
37619,533.0
37620,251.0
37621,405.0
37622,946.0
37623,909.0
37624,921.0
37625,213.0
37626,6.0
37627,125.0
37628,193.0
37629,960.0
37630,168.0
37631,130.0
37632,138.0
37633,168.0
37634,997.0
37635,500.0
37636,575.0
37637,895.0
37638,49.0
37639,832.0
37640,305.0
37641,928.0
37642,213.0
37643,891.0
37644,813.0
37645,895.0
37646,559.0
37647,432.0
37648,812.0
37649,581.0
37650,94.0
37651,924.0
37652,213.0
37653,721.0
37654,512.0
37655,997.0
37656,495.0
37657,198.0
37658,149.0
37659,580.0
37660,924.0
37661,607.0
37662,49.0
37663,213.0
37664,886.0
37665,166.0
37666,49.0
37667,440.0
37668,130.0
37669,989.0
37670,310.0
37671,67.0
37672,917.0
37673,620.0
37674,924.0
37675,68.0
37676,495.0
37677,318.0
37678,580.0
37679,627.0
37680,343.0
37681,213.0
37682,13.0
37683,168.0
37684,139.0
37685,627.0
37686,924.0
37687,759.0
37688,104.0
37689,762.0
37690,928.0
37691,213.0
37692,979.0
37693,767.0
37694,575.0
37695,13.0
37696,251.0
37697,809.0
37698,660.0
37699,405.0
37700,29.0
37701,439.0
37702,54.0
37703,352.0
37704,924.0
37705,939.0
37706,149.0
37707,813.0
37708,811.0
37709,569.0
37710,318.0
37711,882.0
37712,917.0
37713,505.0
37714,597.0
37715,946.0
37716,68.0
37717,41.0
37718,718.0
37719,102.0
37720,317.0
37721,216.0
37722,13.0
37723,402.0
37724,535.0
37725,912.0
37726,813.0
37727,251.0
37728,535.0
37729,305.0
37730,597.0
37731,405.0
37732,405.0
37733,168.0
37734,409.0
37735,318.0
37736,474.0
37737,562.0
37738,762.0
37739,319.0
37740,798.0
37741,139.0
37742,120.0
37743,917.0
37744,561.0
37745,213.0
37746,707.0
37747,41.0
37748,216.0
37749,361.0
37750,68.0
37751,597.0
37752,984.0
37753,815.0
37754,168.0
37755,41.0
37756,846.0
37757,49.0
37758,997.0
37759,974.0
37760,41.0
37761,6.0
37762,570.0
37763,149.0
37764,134.0
37765,916.0
37766,909.0
37767,917.0
37768,946.0
37769,361.0
37770,813.0
37771,974.0
37772,166.0
37773,913.0
37774,436.0
37775,59.0
37776,628.0
37777,474.0
37778,319.0
37779,49.0
37780,41.0
37781,13.0
37782,979.0
37783,317.0
37784,50.0
37785,677.0
37786,330.0
37787,809.0
37788,266.0
37789,871.0
37790,924.0
37791,924.0
37792,78.0
37793,813.0
37794,924.0
37795,13.0
37796,924.0
37797,884.0
37798,213.0
37799,989.0
37800,213.0
37801,499.0
37802,213.0
37803,533.0
37804,928.0
37805,909.0
37806,49.0
37807,361.0
37808,955.0
37809,916.0
37810,130.0
37811,13.0
37812,193.0
37813,823.0
37814,541.0
37815,884.0
37816,13.0
37817,361.0
37818,361.0
37819,762.0
37820,543.0
37821,902.0
37822,213.0
37823,677.0
37824,68.0
37825,213.0
37826,198.0
37827,41.0
37828,41.0
37829,627.0
37830,924.0
37831,13.0
37832,213.0
37833,580.0
37834,886.0
37835,946.0
37836,317.0
37837,733.0
37838,160.0
37839,213.0
37840,441.0
37841,575.0
37842,823.0
37843,974.0
37844,559.0
37845,916.0
37846,746.0
37847,454.0
37848,762.0
37849,49.0
37850,725.0
37851,149.0
37852,352.0
37853,756.0
37854,138.0
37855,213.0
37856,575.0
37857,557.0
37858,251.0
37859,815.0
37860,928.0
37861,50.0
37862,984.0
37863,251.0
37864,198.0
37865,136.0
37866,405.0
37867,120.0
37868,884.0
37869,149.0
37870,251.0
37871,813.0
37872,832.0
37873,971.0
37874,627.0
37875,168.0
37876,9.0
37877,454.0
37878,213.0
37879,989.0
37880,213.0
37881,13.0
37882,909.0
37883,895.0
37884,213.0
37885,352.0
37886,213.0
37887,216.0
37888,798.0
37889,989.0
37890,974.0
37891,812.0
37892,861.0
37893,917.0
37894,406.0
37895,213.0
37896,916.0
37897,13.0
37898,559.0
37899,454.0
37900,462.0
37901,909.0
37902,533.0
37903,361.0
37904,474.0
37905,984.0
37906,468.0
37907,405.0
37908,168.0
37909,305.0
37910,897.0
37911,251.0
37912,815.0
37913,989.0
37914,120.0
37915,120.0
37916,454.0
37917,49.0
37918,839.0
37919,832.0
37920,909.0
37921,762.0
37922,928.0
37923,9.0
37924,581.0
37925,445.0
37926,916.0
37927,41.0
37928,251.0
37929,928.0
37930,677.0
37931,68.0
37932,104.0
37933,924.0
37934,533.0
37935,928.0
37936,613.0
37937,713.0
37938,13.0
37939,59.0
37940,454.0
37941,815.0
37942,41.0
37943,844.0
37944,917.0
37945,134.0
37946,319.0
37947,213.0
37948,924.0
37949,997.0
37950,597.0
37951,846.0
37952,832.0
37953,120.0
37954,533.0
37955,928.0
37956,208.0
37957,803.0
37958,405.0
37959,767.0
37960,725.0
37961,733.0
37962,987.0
37963,13.0
37964,778.0
37965,273.0
37966,498.0
37967,915.0
37968,813.0
37969,857.0
37970,527.0
37971,516.0
37972,305.0
37973,924.0
37974,939.0
37975,9.0
37976,468.0
37977,601.0
37978,813.0
37979,815.0
37980,984.0
37981,616.0
37982,50.0
37983,813.0
37984,139.0
37985,446.0
37986,902.0
37987,839.0
37988,580.0
37989,130.0
37990,381.0
37991,813.0
37992,615.0
37993,812.0
37994,305.0
37995,68.0
37996,49.0
37997,352.0
37998,406.0
37999,660.0
38000,406.0
38001,924.0
38002,916.0
38003,130.0
38004,149.0
38005,324.0
38006,627.0
38007,553.0
38008,924.0
38009,924.0
38010,68.0
38011,208.0
38012,168.0
38013,767.0
38014,984.0
38015,130.0
38016,616.0
38017,474.0
38018,9.0
38019,405.0
38020,924.0
38021,13.0
38022,627.0
38023,891.0
38024,405.0
38025,273.0
38026,151.0
38027,216.0
38028,813.0
38029,50.0
38030,83.0
38031,660.0
38032,149.0
38033,262.0
38034,120.0
38035,928.0
38036,239.0
38037,213.0
38038,273.0
38039,660.0
38040,706.0
38041,939.0
38042,251.0
38043,924.0
38044,305.0
38045,812.0
38046,928.0
38047,255.0
38048,213.0
38049,928.0
38050,924.0
38051,813.0
38052,41.0
38053,468.0
38054,924.0
38055,9.0
38056,307.0
38057,891.0
38058,977.0
38059,193.0
38060,202.0
38061,601.0
38062,193.0
38063,924.0
38064,635.0
38065,762.0
38066,533.0
38067,191.0
38068,13.0
38069,41.0
38070,987.0
38071,42.0
38072,193.0
38073,660.0
38074,921.0
38075,9.0
38076,562.0
38077,813.0
38078,255.0
38079,120.0
38080,512.0
38081,213.0
38082,946.0
38083,130.0
38084,924.0
38085,97.0
38086,832.0
38087,139.0
38088,368.0
38089,821.0
38090,928.0
38091,13.0
38092,317.0
38093,713.0
38094,273.0
38095,902.0
38096,543.0
38097,317.0
38098,354.0
38099,813.0
38100,361.0
38101,318.0
38102,292.0
38103,762.0
38104,273.0
38105,627.0
38106,405.0
38107,251.0
38108,916.0
38109,553.0
38110,891.0
38111,891.0
38112,660.0
38113,660.0
38114,569.0
38115,54.0
38116,16.0
38117,866.0
38118,660.0
38119,997.0
38120,939.0
38121,305.0
38122,866.0
38123,136.0
38124,916.0
38125,361.0
38126,361.0
38127,251.0
38128,273.0
38129,94.0
38130,559.0
38131,138.0
38132,130.0
38133,251.0
38134,543.0
38135,213.0
38136,809.0
38137,371.0
38138,813.0
38139,41.0
38140,924.0
38141,813.0
38142,984.0
38143,580.0
38144,813.0
38145,440.0
38146,970.0
38147,213.0
38148,916.0
38149,912.0
38150,846.0
38151,756.0
38152,130.0
38153,168.0
38154,946.0
38155,167.0
38156,352.0
38157,912.0
38158,8.0
38159,83.0
38160,13.0
38161,48.0
38162,706.0
38163,924.0
38164,361.0
38165,983.0
38166,317.0
38167,809.0
38168,474.0
38169,866.0
38170,49.0
38171,317.0
38172,746.0
38173,70.0
38174,251.0
38175,325.0
38176,402.0
38177,120.0
38178,13.0
38179,125.0
38180,733.0
38181,318.0
38182,120.0
38183,68.0
38184,839.0
38185,59.0
38186,405.0
38187,897.0
38188,984.0
38189,305.0
38190,813.0
38191,767.0
38192,917.0
38193,352.0
38194,813.0
38195,393.0
38196,41.0
38197,183.0
38198,762.0
38199,130.0
38200,405.0
38201,361.0
38202,149.0
38203,41.0
38204,25.0
38205,997.0
38206,813.0
38207,984.0
38208,445.0
38209,832.0
38210,130.0
38211,94.0
38212,660.0
38213,813.0
38214,974.0
38215,97.0
38216,823.0
38217,529.0
38218,445.0
38219,354.0
38220,627.0
38221,489.0
38222,13.0
38223,909.0
38224,120.0
38225,49.0
38226,445.0
38227,527.0
38228,861.0
38229,855.0
38230,527.0
38231,139.0
38232,586.0
38233,997.0
38234,891.0
38235,13.0
38236,627.0
38237,915.0
38238,120.0
38239,917.0
38240,733.0
38241,984.0
38242,997.0
38243,49.0
38244,292.0
38245,213.0
38246,535.0
38247,866.0
38248,752.0
38249,168.0
38250,909.0
38251,9.0
38252,909.0
38253,902.0
38254,78.0
38255,352.0
38256,535.0
38257,756.0
38258,815.0
38259,402.0
38260,580.0
38261,928.0
38262,974.0
38263,445.0
38264,213.0
38265,970.0
38266,68.0
38267,16.0
38268,273.0
38269,361.0
38270,197.0
38271,216.0
38272,594.0
38273,13.0
38274,813.0
38275,813.0
38276,924.0
38277,13.0
38278,866.0
38279,928.0
38280,363.0
38281,533.0
38282,866.0
38283,361.0
38284,823.0
38285,974.0
38286,946.0
38287,405.0
38288,809.0
38289,946.0
38290,884.0
38291,928.0
38292,193.0
38293,454.0
38294,48.0
38295,720.0
38296,130.0
38297,213.0
38298,139.0
38299,813.0
38300,319.0
38301,48.0
38302,813.0
38303,823.0
38304,917.0
38305,946.0
38306,902.0
38307,971.0
38308,474.0
38309,280.0
38310,75.0
38311,149.0
38312,405.0
38313,974.0
38314,436.0
38315,615.0
38316,251.0
38317,13.0
38318,305.0
38319,49.0
38320,67.0
38321,891.0
38322,580.0
38323,839.0
38324,59.0
38325,809.0
38326,255.0
38327,213.0
38328,601.0
38329,213.0
38330,912.0
38331,236.0
38332,354.0
38333,886.0
38334,813.0
38335,213.0
38336,713.0
38337,813.0
38338,866.0
38339,213.0
38340,325.0
38341,812.0
38342,823.0
38343,813.0
38344,543.0
38345,813.0
38346,48.0
38347,138.0
38348,866.0
38349,402.0
38350,75.0
38351,130.0
38352,59.0
38353,149.0
38354,767.0
38355,49.0
38356,262.0
38357,361.0
38358,960.0
38359,832.0
38360,274.0
38361,928.0
38362,813.0
38363,813.0
38364,405.0
38365,909.0
38366,575.0
38367,168.0
38368,68.0
38369,813.0
38370,917.0
38371,273.0
38372,130.0
38373,924.0
38374,216.0
38375,388.0
38376,928.0
38377,946.0
38378,310.0
38379,527.0
38380,997.0
38381,432.0
38382,149.0
38383,83.0
38384,779.0
38385,924.0
38386,405.0
38387,49.0
38388,991.0
38389,575.0
38390,788.0
38391,916.0
38392,924.0
38393,59.0
38394,317.0
38395,974.0
38396,656.0
38397,445.0
38398,628.0
38399,130.0
38400,917.0
38401,660.0
38402,41.0
38403,660.0
38404,255.0
38405,49.0
38406,200.0
38407,866.0
38408,489.0
38409,352.0
38410,168.0
38411,264.0
38412,130.0
38413,59.0
38414,559.0
38415,917.0
38416,924.0
38417,884.0
38418,54.0
38419,834.0
38420,651.0
38421,27.0
38422,997.0
38423,891.0
38424,468.0
38425,292.0
38426,42.0
38427,832.0
38428,317.0
38429,917.0
38430,213.0
38431,660.0
38432,13.0
38433,601.0
38434,857.0
38435,984.0
38436,193.0
38437,68.0
38438,917.0
38439,347.0
38440,815.0
38441,474.0
38442,251.0
38443,829.0
38444,405.0
38445,635.0
38446,136.0
38447,454.0
38448,866.0
38449,832.0
38450,909.0
38451,445.0
38452,866.0
38453,256.0
38454,834.0
38455,627.0
38456,916.0
38457,42.0
38458,262.0
38459,813.0
38460,815.0
38461,445.0
38462,916.0
38463,197.0
38464,384.0
38465,465.0
38466,575.0
38467,924.0
38468,497.0
38469,997.0
38470,977.0
38471,294.0
38472,120.0
38473,977.0
38474,767.0
38475,527.0
38476,125.0
38477,130.0
38478,512.0
38479,13.0
38480,352.0
38481,41.0
38482,813.0
38483,909.0
38484,882.0
38485,489.0
38486,813.0
38487,318.0
38488,405.0
38489,13.0
38490,639.0
38491,815.0
38492,813.0
38493,997.0
38494,798.0
38495,762.0
38496,575.0
38497,139.0
38498,325.0
38499,130.0
38500,756.0
38501,176.0
38502,59.0
38503,886.0
38504,94.0
38505,462.0
38506,325.0
38507,626.0
38508,756.0
38509,361.0
38510,740.0
38511,961.0
38512,317.0
38513,49.0
38514,831.0
38515,251.0
38516,83.0
38517,580.0
38518,784.0
38519,512.0
38520,130.0
38521,843.0
38522,813.0
38523,213.0
38524,533.0
38525,1.0
38526,585.0
38527,580.0
38528,660.0
38529,534.0
38530,440.0
38531,130.0
38532,361.0
38533,567.0
38534,120.0
38535,305.0
38536,839.0
38537,213.0
38538,866.0
38539,909.0
38540,130.0
38541,232.0
38542,236.0
38543,368.0
38544,997.0
38545,49.0
38546,831.0
38547,971.0
38548,815.0
38549,832.0
38550,997.0
38551,594.0
38552,454.0
38553,97.0
38554,50.0
38555,13.0
38556,405.0
38557,917.0
38558,120.0
38559,448.0
38560,468.0
38561,49.0
38562,405.0
38563,213.0
38564,580.0
38565,25.0
38566,13.0
38567,756.0
38568,969.0
38569,916.0
38570,139.0
38571,734.0
38572,454.0
38573,984.0
38574,789.0
38575,361.0
38576,921.0
38577,70.0
38578,767.0
38579,974.0
38580,294.0
38581,909.0
38582,916.0
38583,75.0
38584,361.0
38585,779.0
38586,213.0
38587,216.0
38588,168.0
38589,973.0
38590,224.0
38591,168.0
38592,405.0
38593,762.0
38594,916.0
38595,127.0
38596,535.0
38597,48.0
38598,405.0
38599,317.0
38600,317.0
38601,445.0
38602,661.0
38603,405.0
38604,266.0
38605,25.0
38606,213.0
38607,405.0
38608,213.0
38609,974.0
38610,971.0
38611,13.0
38612,371.0
38613,361.0
38614,946.0
38615,149.0
38616,317.0
38617,917.0
38618,928.0
38619,909.0
38620,855.0
38621,49.0
38622,897.0
38623,543.0
38624,909.0
38625,318.0
38626,361.0
38627,924.0
38628,767.0
38629,946.0
38630,354.0
38631,216.0
38632,974.0
38633,168.0
38634,570.0
38635,795.0
38636,635.0
38637,803.0
38638,789.0
38639,831.0
38640,361.0
38641,512.0
38642,125.0
38643,924.0
38644,13.0
38645,255.0
38646,928.0
38647,163.0
38648,648.0
38649,405.0
38650,512.0
38651,49.0
38652,445.0
38653,9.0
38654,916.0
38655,78.0
38656,183.0
38657,905.0
38658,767.0
38659,924.0
38660,813.0
38661,762.0
38662,361.0
38663,361.0
38664,917.0
38665,213.0
38666,318.0
38667,660.0
38668,48.0
38669,130.0
38670,188.0
38671,97.0
38672,855.0
38673,273.0
38674,273.0
38675,921.0
38676,665.0
38677,580.0
38678,890.0
38679,633.0
38680,168.0
38681,884.0
38682,533.0
38683,448.0
38684,891.0
38685,866.0
38686,264.0
38687,78.0
38688,130.0
38689,130.0
38690,627.0
38691,984.0
38692,197.0
38693,305.0
38694,130.0
38695,813.0
38696,440.0
38697,559.0
38698,41.0
38699,280.0
38700,392.0
38701,997.0
38702,13.0
38703,408.0
38704,924.0
38705,762.0
38706,627.0
38707,924.0
38708,971.0
38709,862.0
38710,803.0
38711,319.0
38712,660.0
38713,305.0
38714,928.0
38715,813.0
38716,68.0
38717,712.0
38718,979.0
38719,67.0
38720,405.0
38721,130.0
38722,361.0
38723,928.0
38724,318.0
38725,733.0
38726,557.0
38727,13.0
38728,317.0
38729,149.0
38730,632.0
38731,921.0
38732,846.0
38733,512.0
38734,929.0
38735,601.0
38736,924.0
38737,909.0
38738,255.0
38739,49.0
38740,984.0
38741,866.0
38742,884.0
38743,939.0
38744,627.0
38745,361.0
38746,613.0
38747,27.0
38748,224.0
38749,42.0
38750,984.0
38751,41.0
38752,408.0
38753,928.0
38754,997.0
38755,216.0
38756,305.0
38757,168.0
38758,891.0
38759,767.0
38760,924.0
38761,605.0
38762,784.0
38763,815.0
38764,149.0
38765,75.0
38766,351.0
38767,831.0
38768,405.0
38769,815.0
38770,607.0
38771,361.0
38772,352.0
38773,974.0
38774,432.0
38775,352.0
38776,615.0
38777,559.0
38778,470.0
38779,13.0
38780,660.0
38781,9.0
38782,798.0
38783,352.0
38784,130.0
38785,454.0
38786,916.0
38787,605.0
38788,924.0
38789,495.0
38790,984.0
38791,946.0
38792,928.0
38793,111.0
38794,812.0
38795,41.0
38796,126.0
38797,168.0
38798,718.0
38799,902.0
38800,27.0
38801,317.0
38802,717.0
38803,946.0
38804,788.0
38805,829.0
38806,984.0
38807,627.0
38808,445.0
38809,756.0
38810,78.0
38811,48.0
38812,831.0
38813,812.0
38814,946.0
38815,191.0
38816,924.0
38817,393.0
38818,811.0
38819,104.0
38820,48.0
38821,902.0
38822,213.0
38823,533.0
38824,168.0
38825,166.0
38826,48.0
38827,193.0
38828,213.0
38829,296.0
38830,361.0
38831,213.0
38832,251.0
38833,580.0
38834,866.0
38835,168.0
38836,928.0
38837,445.0
38838,138.0
38839,627.0
38840,50.0
38841,580.0
38842,405.0
38843,884.0
38844,500.0
38845,213.0
38846,813.0
38847,393.0
38848,48.0
38849,317.0
38850,13.0
38851,405.0
38852,454.0
38853,99.0
38854,213.0
38855,149.0
38856,928.0
38857,41.0
38858,445.0
38859,905.0
38860,39.0
38861,580.0
38862,445.0
38863,50.0
38864,193.0
38865,928.0
38866,866.0
38867,266.0
38868,512.0
38869,917.0
38870,393.0
38871,997.0
38872,795.0
38873,318.0
38874,839.0
38875,660.0
38876,177.0
38877,213.0
38878,48.0
38879,176.0
38880,928.0
38881,831.0
38882,468.0
38883,42.0
38884,905.0
38885,49.0
38886,200.0
38887,168.0
38888,756.0
38889,213.0
38890,305.0
38891,946.0
38892,533.0
38893,255.0
38894,305.0
38895,924.0
38896,305.0
38897,49.0
38898,527.0
38899,168.0
38900,59.0
38901,50.0
38902,809.0
38903,585.0
38904,660.0
38905,168.0
38906,580.0
38907,989.0
38908,784.0
38909,67.0
38910,49.0
38911,405.0
38912,829.0
38913,997.0
38914,813.0
38915,821.0
38916,504.0
38917,504.0
38918,171.0
38919,41.0
38920,168.0
38921,13.0
38922,543.0
38923,49.0
38924,177.0
38925,213.0
38926,916.0
38927,917.0
38928,6.0
38929,49.0
38930,193.0
38931,871.0
38932,543.0
38933,405.0
38934,832.0
38935,317.0
38936,49.0
38937,974.0
38938,130.0
38939,213.0
38940,168.0
38941,370.0
38942,406.0
38943,905.0
38944,917.0
38945,68.0
38946,305.0
38947,75.0
38948,216.0
38949,721.0
38950,924.0
38951,921.0
38952,971.0
38953,977.0
38954,615.0
38955,149.0
38956,489.0
38957,143.0
38958,325.0
38959,273.0
38960,997.0
38961,512.0
38962,982.0
38963,307.0
38964,809.0
38965,436.0
38966,812.0
38967,569.0
38968,361.0
38969,149.0
38970,813.0
38971,239.0
38972,974.0
38973,317.0
38974,213.0
38975,897.0
38976,924.0
38977,381.0
38978,635.0
38979,661.0
38980,405.0
38981,42.0
38982,465.0
38983,489.0
38984,361.0
38985,627.0
38986,812.0
38987,120.0
38988,871.0
38989,41.0
38990,213.0
38991,778.0
38992,305.0
38993,445.0
38994,984.0
38995,834.0
38996,317.0
38997,803.0
38998,677.0
38999,49.0
39000,445.0
39001,176.0
39002,441.0
39003,361.0
39004,866.0
39005,974.0
39006,49.0
39007,984.0
39008,615.0
39009,846.0
39010,134.0
39011,352.0
39012,454.0
39013,49.0
39014,569.0
39015,290.0
39016,580.0
39017,97.0
39018,915.0
39019,558.0
39020,41.0
39021,912.0
39022,580.0
39023,823.0
39024,305.0
39025,483.0
39026,149.0
39027,213.0
39028,1.0
39029,405.0
39030,584.0
39031,130.0
39032,445.0
39033,718.0
39034,489.0
39035,767.0
39036,946.0
39037,13.0
39038,29.0
39039,13.0
39040,832.0
39041,683.0
39042,213.0
39043,463.0
39044,580.0
39045,120.0
39046,468.0
39047,627.0
39048,305.0
39049,130.0
39050,856.0
39051,832.0
39052,920.0
39053,970.0
39054,971.0
39055,984.0
39056,59.0
39057,527.0
39058,455.0
39059,543.0
39060,149.0
39061,111.0
39062,49.0
39063,68.0
39064,890.0
39065,445.0
39066,884.0
39067,325.0
39068,767.0
39069,815.0
39070,489.0
39071,759.0
39072,955.0
39073,216.0
39074,171.0
39075,756.0
39076,405.0
39077,361.0
39078,48.0
39079,815.0
39080,149.0
39081,49.0
39082,809.0
39083,149.0
39084,130.0
39085,720.0
39086,639.0
39087,102.0
39088,635.0
39089,559.0
39090,361.0
39091,909.0
39092,605.0
39093,264.0
39094,317.0
39095,48.0
39096,813.0
39097,823.0
39098,527.0
39099,41.0
39100,465.0
39101,193.0
39102,974.0
39103,813.0
39104,130.0
39105,448.0
39106,909.0
39107,585.0
39108,104.0
39109,330.0
39110,832.0
39111,823.0
39112,70.0
39113,512.0
39114,924.0
39115,857.0
39116,50.0
39117,995.0
39118,405.0
39119,363.0
39120,120.0
39121,746.0
39122,974.0
39123,9.0
39124,655.0
39125,168.0
39126,713.0
39127,305.0
39128,813.0
39129,813.0
39130,905.0
39131,393.0
39132,815.0
39133,445.0
39134,813.0
39135,392.0
39136,866.0
39137,130.0
39138,924.0
39139,213.0
39140,50.0
39141,50.0
39142,405.0
39143,594.0
39144,924.0
39145,767.0
39146,628.0
39147,168.0
39148,405.0
39149,733.0
39150,762.0
39151,49.0
39152,448.0
39153,924.0
39154,213.0
39155,527.0
39156,208.0
39157,405.0
39158,660.0
39159,405.0
39160,352.0
39161,130.0
39162,813.0
39163,917.0
39164,813.0
39165,94.0
39166,361.0
39167,955.0
39168,441.0
39169,305.0
39170,251.0
39171,984.0
39172,13.0
39173,347.0
39174,541.0
39175,725.0
39176,213.0
39177,67.0
39178,813.0
39179,264.0
39180,789.0
39181,916.0
39182,9.0
39183,767.0
39184,213.0
39185,97.0
39186,924.0
39187,974.0
39188,884.0
39189,180.0
39190,405.0
39191,928.0
39192,264.0
39193,130.0
39194,446.0
39195,921.0
39196,660.0
39197,392.0
39198,984.0
39199,75.0
39200,361.0
39201,149.0
39202,884.0
39203,924.0
39204,912.0
39205,575.0
39206,832.0
39207,660.0
39208,166.0
39209,405.0
39210,445.0
39211,317.0
39212,762.0
39213,213.0
39214,844.0
39215,213.0
39216,767.0
39217,68.0
39218,627.0
39219,70.0
39220,208.0
39221,660.0
39222,307.0
39223,980.0
39224,134.0
39225,924.0
39226,94.0
39227,392.0
39228,120.0
39229,1.0
39230,49.0
39231,813.0
39232,559.0
39233,902.0
39234,405.0
39235,213.0
39236,891.0
39237,130.0
39238,597.0
39239,1.0
39240,49.0
39241,938.0
39242,405.0
39243,832.0
39244,512.0
39245,149.0
39246,866.0
39247,465.0
39248,9.0
39249,251.0
39250,213.0
39251,13.0
39252,712.0
39253,660.0
39254,166.0
39255,405.0
39256,305.0
39257,946.0
39258,891.0
39259,607.0
39260,213.0
39261,580.0
39262,49.0
39263,213.0
39264,654.0
39265,440.0
39266,917.0
39267,213.0
39268,305.0
39269,409.0
39270,130.0
39271,143.0
39272,255.0
39273,13.0
39274,78.0
39275,928.0
39276,913.0
39277,909.0
39278,405.0
39279,361.0
39280,924.0
39281,909.0
39282,49.0
39283,370.0
39284,997.0
39285,495.0
39286,890.0
39287,149.0
39288,475.0
39289,273.0
39290,660.0
39291,660.0
39292,662.0
39293,890.0
39294,217.0
39295,50.0
39296,997.0
39297,224.0
39298,884.0
39299,130.0
39300,886.0
39301,94.0
39302,909.0
39303,361.0
39304,974.0
39305,149.0
39306,436.0
39307,104.0
39308,986.0
39309,48.0
39310,251.0
39311,655.0
39312,343.0
39313,317.0
39314,213.0
39315,997.0
39316,325.0
39317,262.0
39318,266.0
39319,361.0
39320,1.0
39321,163.0
39322,402.0
39323,49.0
39324,813.0
39325,30.0
39326,721.0
39327,149.0
39328,59.0
39329,9.0
39330,1.0
39331,213.0
39332,361.0
39333,939.0
39334,627.0
39335,54.0
39336,489.0
39337,581.0
39338,357.0
39339,586.0
39340,643.0
39341,495.0
39342,49.0
39343,149.0
39344,928.0
39345,59.0
39346,823.0
39347,405.0
39348,823.0
39349,305.0
39350,75.0
39351,59.0
39352,917.0
39353,813.0
39354,405.0
39355,468.0
39356,429.0
39357,939.0
39358,915.0
39359,924.0
39360,832.0
39361,191.0
39362,130.0
39363,533.0
39364,68.0
39365,470.0
39366,928.0
39367,890.0
39368,813.0
39369,50.0
39370,580.0
39371,50.0
39372,41.0
39373,193.0
39374,317.0
39375,445.0
39376,718.0
39377,974.0
39378,191.0
39379,558.0
39380,973.0
39381,361.0
39382,912.0
39383,970.0
39384,884.0
39385,746.0
39386,924.0
39387,307.0
39388,440.0
39389,251.0
39390,67.0
39391,909.0
39392,97.0
39393,832.0
39394,984.0
39395,120.0
39396,677.0
39397,405.0
39398,815.0
39399,402.0
39400,440.0
39401,361.0
39402,846.0
39403,42.0
39404,445.0
39405,535.0
39406,41.0
39407,897.0
39408,149.0
39409,917.0
39410,454.0
39411,902.0
39412,813.0
39413,721.0
39414,813.0
39415,971.0
39416,255.0
39417,924.0
39418,405.0
39419,202.0
39420,255.0
39421,130.0
39422,236.0
39423,305.0
39424,891.0
39425,812.0
39426,970.0
39427,928.0
39428,25.0
39429,439.0
39430,973.0
39431,49.0
39432,928.0
39433,139.0
39434,445.0
39435,684.0
39436,70.0
39437,130.0
39438,94.0
39439,512.0
39440,813.0
39441,660.0
39442,352.0
39443,213.0
39444,42.0
39445,895.0
39446,920.0
39447,213.0
39448,68.0
39449,915.0
39450,891.0
39451,255.0
39452,916.0
39453,813.0
39454,83.0
39455,325.0
39456,168.0
39457,405.0
39458,405.0
39459,251.0
39460,979.0
39461,361.0
39462,543.0
39463,974.0
39464,813.0
39465,886.0
39466,361.0
39467,149.0
39468,361.0
39469,41.0
39470,27.0
39471,543.0
39472,580.0
39473,533.0
39474,41.0
39475,213.0
39476,251.0
39477,405.0
39478,504.0
39479,75.0
39480,495.0
39481,580.0
39482,168.0
39483,168.0
39484,168.0
39485,361.0
39486,627.0
39487,127.0
39488,871.0
39489,562.0
39490,29.0
39491,317.0
39492,193.0
39493,75.0
39494,725.0
39495,707.0
39496,347.0
39497,584.0
39498,368.0
39499,891.0
39500,168.0
39501,41.0
39502,27.0
39503,371.0
39504,607.0
39505,120.0
39506,54.0
39507,974.0
39508,924.0
39509,125.0
39510,533.0
39511,912.0
39512,813.0
39513,251.0
39514,318.0
39515,49.0
39516,823.0
39517,97.0
39518,39.0
39519,402.0
39520,264.0
39521,917.0
39522,406.0
39523,928.0
39524,41.0
39525,813.0
39526,168.0
39527,138.0
39528,561.0
39529,76.0
39530,405.0
39531,813.0
39532,371.0
39533,120.0
39534,13.0
39535,213.0
39536,213.0
39537,823.0
39538,168.0
39539,120.0
39540,575.0
39541,974.0
39542,759.0
39543,813.0
39544,924.0
39545,324.0
39546,746.0
39547,580.0
39548,49.0
39549,813.0
39550,632.0
39551,832.0
39552,762.0
39553,909.0
39554,960.0
39555,290.0
39556,580.0
39557,213.0
39558,928.0
39559,912.0
39560,213.0
39561,844.0
39562,296.0
39563,392.0
39564,916.0
39565,445.0
39566,120.0
39567,197.0
39568,251.0
39569,779.0
39570,913.0
39571,213.0
39572,909.0
39573,813.0
39574,454.0
39575,765.0
39576,939.0
39577,916.0
39578,655.0
39579,627.0
39580,318.0
39581,406.0
39582,939.0
39583,974.0
39584,809.0
39585,193.0
39586,111.0
39587,495.0
39588,149.0
39589,912.0
39590,628.0
39591,236.0
39592,557.0
39593,143.0
39594,970.0
39595,59.0
39596,628.0
39597,409.0
39598,960.0
39599,795.0
39600,575.0
39601,789.0
39602,310.0
39603,104.0
39604,559.0
39605,974.0
39606,916.0
39607,213.0
39608,361.0
39609,266.0
39610,740.0
39611,580.0
39612,821.0
39613,361.0
39614,832.0
39615,734.0
39616,405.0
39617,917.0
39618,846.0
39619,489.0
39620,495.0
39621,882.0
39622,49.0
39623,78.0
39624,454.0
39625,890.0
39626,561.0
39627,78.0
39628,607.0
39629,823.0
39630,823.0
39631,371.0
39632,746.0
39633,855.0
39634,384.0
39635,454.0
39636,41.0
39637,628.0
39638,916.0
39639,725.0
39640,580.0
39641,586.0
39642,928.0
39643,823.0
39644,50.0
39645,136.0
39646,213.0
39647,405.0
39648,213.0
39649,813.0
39650,48.0
39651,746.0
39652,811.0
39653,130.0
39654,662.0
39655,909.0
39656,216.0
39657,866.0
39658,120.0
39659,405.0
39660,94.0
39661,559.0
39662,405.0
39663,684.0
39664,924.0
39665,924.0
39666,13.0
39667,946.0
39668,468.0
39669,310.0
39670,216.0
39671,310.0
39672,809.0
39673,151.0
39674,9.0
39675,997.0
39676,884.0
39677,746.0
39678,580.0
39679,585.0
39680,677.0
39681,970.0
39682,924.0
39683,713.0
39684,635.0
39685,310.0
39686,917.0
39687,127.0
39688,445.0
39689,269.0
39690,176.0
39691,213.0
39692,665.0
39693,601.0
39694,130.0
39695,605.0
39696,912.0
39697,49.0
39698,445.0
39699,534.0
39700,976.0
39701,236.0
39702,413.0
39703,580.0
39704,924.0
39705,939.0
39706,562.0
39707,143.0
39708,213.0
39709,921.0
39710,562.0
39711,789.0
39712,134.0
39713,580.0
39714,917.0
39715,917.0
39716,946.0
39717,846.0
39718,454.0
39719,733.0
39720,213.0
39721,580.0
39722,364.0
39723,75.0
39724,813.0
39725,924.0
39726,330.0
39727,909.0
39728,924.0
39729,330.0
39730,909.0
39731,707.0
39732,440.0
39733,813.0
39734,844.0
39735,236.0
39736,884.0
39737,193.0
39738,916.0
39739,75.0
39740,924.0
39741,343.0
39742,977.0
39743,917.0
39744,928.0
39745,533.0
39746,361.0
39747,512.0
39748,778.0
39749,361.0
39750,353.0
39751,6.0
39752,149.0
39753,1.0
39754,361.0
39755,83.0
39756,317.0
39757,995.0
39758,193.0
39759,468.0
39760,307.0
39761,970.0
39762,75.0
39763,627.0
39764,354.0
39765,166.0
39766,462.0
39767,660.0
39768,405.0
39769,489.0
39770,803.0
39771,762.0
39772,405.0
39773,445.0
39774,371.0
39775,924.0
39776,425.0
39777,200.0
39778,832.0
39779,559.0
39780,584.0
39781,310.0
39782,361.0
39783,441.0
39784,607.0
39785,76.0
39786,946.0
39787,358.0
39788,884.0
39789,13.0
39790,42.0
39791,273.0
39792,543.0
39793,620.0
39794,42.0
39795,251.0
39796,264.0
39797,120.0
39798,273.0
39799,361.0
39800,48.0
39801,413.0
39802,597.0
39803,489.0
39804,559.0
39805,921.0
39806,104.0
39807,489.0
39808,917.0
39809,627.0
39810,777.0
39811,891.0
39812,149.0
39813,402.0
39814,318.0
39815,273.0
39816,762.0
39817,49.0
39818,294.0
39819,361.0
39820,575.0
39821,213.0
39822,809.0
39823,168.0
39824,324.0
39825,789.0
39826,49.0
39827,725.0
39828,127.0
39829,533.0
39830,909.0
39831,917.0
39832,262.0
39833,928.0
39834,917.0
39835,584.0
39836,823.0
39837,660.0
39838,318.0
39839,706.0
39840,533.0
39841,909.0
39842,70.0
39843,325.0
39844,324.0
39845,575.0
39846,762.0
39847,41.0
39848,635.0
39849,54.0
39850,501.0
39851,997.0
39852,844.0
39853,445.0
39854,13.0
39855,445.0
39856,902.0
39857,445.0
39858,974.0
39859,405.0
39860,974.0
39861,970.0
39862,946.0
39863,969.0
39864,6.0
39865,48.0
39866,884.0
39867,586.0
39868,213.0
39869,662.0
39870,361.0
39871,718.0
39872,815.0
39873,955.0
39874,27.0
39875,832.0
39876,305.0
39877,136.0
39878,50.0
39879,111.0
39880,42.0
39881,454.0
39882,183.0
39883,557.0
39884,445.0
39885,535.0
39886,318.0
39887,361.0
39888,213.0
39889,168.0
39890,68.0
39891,916.0
39892,388.0
39893,884.0
39894,855.0
39895,495.0
39896,49.0
39897,534.0
39898,623.0
39899,960.0
39900,213.0
39901,909.0
39902,495.0
39903,251.0
39904,59.0
39905,54.0
39906,130.0
39907,130.0
39908,130.0
39909,989.0
39910,317.0
39911,912.0
39912,255.0
39913,789.0
39914,627.0
39915,13.0
39916,19.0
39917,49.0
39918,49.0
39919,138.0
39920,48.0
39921,75.0
39922,193.0
39923,977.0
39924,188.0
39925,713.0
39926,75.0
39927,635.0
39928,130.0
39929,120.0
39930,405.0
39931,917.0
39932,405.0
39933,405.0
39934,909.0
39935,68.0
39936,361.0
39937,305.0
39938,984.0
39939,586.0
39940,884.0
39941,193.0
39942,973.0
39943,361.0
39944,984.0
39945,49.0
39946,570.0
39947,317.0
39948,120.0
39949,884.0
39950,138.0
39951,307.0
39952,130.0
39953,402.0
39954,168.0
39955,213.0
39956,454.0
39957,97.0
39958,75.0
39959,615.0
39960,408.0
39961,921.0
39962,580.0
39963,213.0
39964,266.0
39965,75.0
39966,777.0
39967,361.0
39968,809.0
39969,13.0
39970,213.0
39971,361.0
39972,997.0
39973,193.0
39974,498.0
39975,59.0
39976,195.0
39977,928.0
39978,720.0
39979,974.0
39980,149.0
39981,454.0
39982,41.0
39983,916.0
39984,815.0
39985,832.0
39986,120.0
39987,891.0
39988,120.0
39989,977.0
39990,535.0
39991,405.0
39992,928.0
39993,200.0
39994,662.0
39995,361.0
39996,255.0
39997,557.0
39998,529.0
39999,149.0
40000,193.0
40001,213.0
40002,832.0
40003,946.0
40004,361.0
40005,405.0
40006,405.0
40007,580.0
40008,553.0
40009,251.0
40010,909.0
40011,533.0
40012,445.0
40013,823.0
40014,216.0
40015,68.0
40016,651.0
40017,866.0
40018,217.0
40019,921.0
40020,213.0
40021,984.0
40022,216.0
40023,13.0
40024,1.0
40025,325.0
40026,125.0
40027,815.0
40028,529.0
40029,924.0
40030,917.0
40031,134.0
40032,120.0
40033,143.0
40034,495.0
40035,213.0
40036,48.0
40037,895.0
40038,660.0
40039,812.0
40040,559.0
40041,375.0
40042,821.0
40043,803.0
40044,273.0
40045,984.0
40046,917.0
40047,102.0
40048,168.0
40049,660.0
40050,239.0
40051,104.0
40052,929.0
40053,445.0
40054,789.0
40055,813.0
40056,361.0
40057,405.0
40058,909.0
40059,13.0
40060,628.0
40061,474.0
40062,149.0
40063,562.0
40064,41.0
40065,813.0
40066,440.0
40067,815.0
40068,317.0
40069,130.0
40070,829.0
40071,997.0
40072,955.0
40073,909.0
40074,1.0
40075,983.0
40076,813.0
40077,94.0
40078,1.0
40079,529.0
40080,815.0
40081,924.0
40082,59.0
40083,13.0
40084,815.0
40085,832.0
40086,130.0
40087,924.0
40088,273.0
40089,48.0
40090,354.0
40091,13.0
40092,49.0
40093,193.0
40094,916.0
40095,946.0
40096,305.0
40097,946.0
40098,989.0
40099,915.0
40100,9.0
40101,880.0
40102,13.0
40103,997.0
40104,979.0
40105,49.0
40106,49.0
40107,462.0
40108,361.0
40109,361.0
40110,255.0
40111,952.0
40112,454.0
40113,909.0
40114,60.0
40115,832.0
40116,660.0
40117,305.0
40118,361.0
40119,813.0
40120,891.0
40121,368.0
40122,779.0
40123,325.0
40124,866.0
40125,973.0
40126,317.0
40127,989.0
40128,19.0
40129,655.0
40130,393.0
40131,974.0
40132,48.0
40133,924.0
40134,13.0
40135,41.0
40136,120.0
40137,429.0
40138,130.0
40139,391.0
40140,987.0
40141,324.0
40142,475.0
40143,946.0
40144,627.0
40145,361.0
40146,120.0
40147,174.0
40148,149.0
40149,891.0
40150,445.0
40151,251.0
40152,905.0
40153,866.0
40154,866.0
40155,997.0
40156,924.0
40157,352.0
40158,1.0
40159,559.0
40160,946.0
40161,127.0
40162,42.0
40163,785.0
40164,127.0
40165,48.0
40166,712.0
40167,125.0
40168,977.0
40169,39.0
40170,405.0
40171,193.0
40172,974.0
40173,391.0
40174,59.0
40175,886.0
40176,575.0
40177,928.0
40178,8.0
40179,813.0
40180,580.0
40181,721.0
40182,361.0
40183,924.0
40184,130.0
40185,759.0
40186,104.0
40187,213.0
40188,251.0
40189,543.0
40190,989.0
40191,168.0
40192,149.0
40193,929.0
40194,627.0
40195,1.0
40196,149.0
40197,13.0
40198,928.0
40199,405.0
40200,884.0
40201,213.0
40202,913.0
40203,305.0
40204,813.0
40205,844.0
40206,168.0
40207,405.0
40208,168.0
40209,569.0
40210,559.0
40211,821.0
40212,475.0
40213,462.0
40214,815.0
40215,789.0
40216,361.0
40217,174.0
40218,213.0
40219,928.0
40220,928.0
40221,813.0
40222,615.0
40223,601.0
40224,974.0
40225,584.0
40226,294.0
40227,639.0
40228,75.0
40229,917.0
40230,969.0
40231,891.0
40232,512.0
40233,48.0
40234,905.0
40235,558.0
40236,468.0
40237,971.0
40238,866.0
40239,139.0
40240,130.0
40241,813.0
40242,94.0
40243,500.0
40244,813.0
40245,60.0
40246,902.0
40247,361.0
40248,97.0
40249,813.0
40250,19.0
40251,405.0
40252,406.0
40253,324.0
40254,917.0
40255,325.0
40256,68.0
40257,812.0
40258,721.0
40259,844.0
40260,216.0
40261,572.0
40262,917.0
40263,597.0
40264,535.0
40265,41.0
40266,811.0
40267,917.0
40268,149.0
40269,974.0
40270,48.0
40271,353.0
40272,468.0
40273,924.0
40274,707.0
40275,620.0
40276,684.0
40277,59.0
40278,208.0
40279,168.0
40280,149.0
40281,454.0
40282,656.0
40283,984.0
40284,392.0
40285,343.0
40286,49.0
40287,440.0
40288,361.0
40289,266.0
40290,997.0
40291,198.0
40292,168.0
40293,970.0
40294,405.0
40295,586.0
40296,213.0
40297,130.0
40298,177.0
40299,405.0
40300,928.0
40301,660.0
40302,627.0
40303,149.0
40304,505.0
40305,535.0
40306,305.0
40307,183.0
40308,49.0
40309,317.0
40310,846.0
40311,454.0
40312,813.0
40313,405.0
40314,882.0
40315,445.0
40316,971.0
40317,946.0
40318,970.0
40319,989.0
40320,149.0
40321,720.0
40322,823.0
40323,527.0
40324,75.0
40325,468.0
40326,168.0
40327,939.0
40328,815.0
40329,979.0
40330,811.0
40331,946.0
40332,68.0
40333,924.0
40334,832.0
40335,977.0
40336,983.0
40337,855.0
40338,921.0
40339,324.0
40340,913.0
40341,559.0
40342,48.0
40343,120.0
40344,974.0
40345,405.0
40346,607.0
40347,478.0
40348,134.0
40349,738.0
40350,575.0
40351,405.0
40352,551.0
40353,946.0
40354,997.0
40355,130.0
40356,149.0
40357,498.0
40358,660.0
40359,445.0
40360,120.0
40361,677.0
40362,831.0
40363,909.0
40364,627.0
40365,402.0
40366,884.0
40367,213.0
40368,455.0
40369,861.0
40370,354.0
40371,570.0
40372,213.0
40373,733.0
40374,839.0
40375,310.0
40376,68.0
40377,924.0
40378,317.0
40379,924.0
40380,317.0
40381,168.0
40382,909.0
40383,575.0
40384,924.0
40385,41.0
40386,454.0
40387,597.0
40388,535.0
40389,970.0
40390,913.0
40391,343.0
40392,41.0
40393,405.0
40394,445.0
40395,939.0
40396,953.0
40397,251.0
40398,168.0
40399,273.0
40400,405.0
40401,445.0
40402,569.0
40403,13.0
40404,361.0
40405,580.0
40406,255.0
40407,541.0
40408,984.0
40409,575.0
40410,130.0
40411,319.0
40412,974.0
40413,891.0
40414,176.0
40415,984.0
40416,946.0
40417,405.0
40418,997.0
40419,405.0
40420,191.0
40421,139.0
40422,762.0
40423,855.0
40424,789.0
40425,884.0
40426,917.0
40427,143.0
40428,971.0
40429,569.0
40430,408.0
40431,180.0
40432,127.0
40433,815.0
40434,19.0
40435,405.0
40436,984.0
40437,997.0
40438,970.0
40439,1.0
40440,48.0
40441,208.0
40442,909.0
40443,504.0
40444,213.0
40445,352.0
40446,361.0
40447,76.0
40448,130.0
40449,305.0
40450,527.0
40451,405.0
40452,13.0
40453,120.0
40454,166.0
40455,635.0
40456,324.0
40457,891.0
40458,891.0
40459,151.0
40460,558.0
40461,361.0
40462,317.0
40463,832.0
40464,90.0
40465,989.0
40466,318.0
40467,50.0
40468,575.0
40469,59.0
40470,909.0
40471,310.0
40472,134.0
40473,375.0
40474,946.0
40475,489.0
40476,915.0
40477,318.0
40478,721.0
40479,41.0
40480,59.0
40481,305.0
40482,575.0
40483,767.0
40484,149.0
40485,815.0
40486,909.0
40487,580.0
40488,370.0
40489,213.0
40490,924.0
40491,179.0
40492,48.0
40493,405.0
40494,623.0
40495,746.0
40496,997.0
40497,305.0
40498,884.0
40499,59.0
40500,352.0
40501,917.0
40502,102.0
40503,960.0
40504,405.0
40505,823.0
40506,580.0
40507,924.0
40508,580.0
40509,813.0
40510,803.0
40511,543.0
40512,939.0
40513,104.0
40514,871.0
40515,371.0
40516,13.0
40517,168.0
40518,54.0
40519,762.0
40520,445.0
40521,239.0
40522,584.0
40523,813.0
40524,946.0
40525,902.0
40526,50.0
40527,49.0
40528,823.0
40529,49.0
40530,445.0
40531,324.0
40532,78.0
40533,29.0
40534,13.0
40535,474.0
40536,39.0
40537,812.0
40538,325.0
40539,973.0
40540,767.0
40541,803.0
40542,49.0
40543,967.0
40544,543.0
40545,821.0
40546,832.0
40547,946.0
40548,307.0
40549,960.0
40550,813.0
40551,75.0
40552,789.0
40553,48.0
40554,54.0
40555,75.0
40556,733.0
40557,880.0
40558,660.0
40559,884.0
40560,928.0
40561,216.0
40562,832.0
40563,834.0
40564,9.0
40565,48.0
40566,909.0
40567,746.0
40568,68.0
40569,130.0
40570,575.0
40571,317.0
40572,813.0
40573,946.0
40574,177.0
40575,575.0
40576,884.0
40577,130.0
40578,371.0
40579,59.0
40580,68.0
40581,866.0
40582,213.0
40583,924.0
40584,130.0
40585,213.0
40586,48.0
40587,224.0
40588,213.0
40589,405.0
40590,361.0
40591,946.0
40592,798.0
40593,585.0
40594,305.0
40595,68.0
40596,795.0
40597,375.0
40598,354.0
40599,104.0
40600,202.0
40601,866.0
40602,180.0
40603,984.0
40604,127.0
40605,352.0
40606,213.0
40607,305.0
40608,13.0
40609,891.0
40610,543.0
40611,49.0
40612,891.0
40613,813.0
40614,932.0
40615,317.0
40616,149.0
40617,294.0
40618,627.0
40619,651.0
40620,197.0
40621,310.0
40622,405.0
40623,839.0
40624,405.0
40625,812.0
40626,855.0
40627,813.0
40628,255.0
40629,409.0
40630,946.0
40631,969.0
40632,915.0
40633,628.0
40634,495.0
40635,924.0
40636,570.0
40637,580.0
40638,213.0
40639,946.0
40640,97.0
40641,197.0
40642,49.0
40643,193.0
40644,960.0
40645,68.0
40646,213.0
40647,974.0
40648,149.0
40649,498.0
40650,585.0
40651,535.0
40652,832.0
40653,718.0
40654,213.0
40655,149.0
40656,149.0
40657,120.0
40658,130.0
40659,49.0
40660,917.0
40661,767.0
40662,989.0
40663,41.0
40664,266.0
40665,149.0
40666,489.0
40667,305.0
40668,809.0
40669,924.0
40670,660.0
40671,855.0
40672,474.0
40673,923.0
40674,213.0
40675,474.0
40676,454.0
40677,68.0
40678,50.0
40679,353.0
40680,997.0
40681,9.0
40682,41.0
40683,533.0
40684,839.0
40685,721.0
40686,75.0
40687,50.0
40688,890.0
40689,361.0
40690,405.0
40691,759.0
40692,627.0
40693,13.0
40694,168.0
40695,809.0
40696,580.0
40697,917.0
40698,94.0
40699,371.0
40700,660.0
40701,767.0
40702,393.0
40703,813.0
40704,13.0
40705,130.0
40706,813.0
40707,470.0
40708,997.0
40709,580.0
40710,846.0
40711,655.0
40712,216.0
40713,891.0
40714,239.0
40715,512.0
40716,928.0
40717,765.0
40718,909.0
40719,130.0
40720,307.0
40721,974.0
40722,917.0
40723,120.0
40724,9.0
40725,392.0
40726,586.0
40727,917.0
40728,49.0
40729,104.0
40730,49.0
40731,960.0
40732,813.0
40733,290.0
40734,580.0
40735,924.0
40736,902.0
40737,50.0
40738,813.0
40739,813.0
40740,813.0
40741,997.0
40742,13.0
40743,627.0
40744,823.0
40745,49.0
40746,813.0
40747,997.0
40748,809.0
40749,324.0
40750,798.0
40751,371.0
40752,884.0
40753,49.0
40754,352.0
40755,67.0
40756,470.0
40757,76.0
40758,361.0
40759,94.0
40760,559.0
40761,198.0
40762,917.0
40763,149.0
40764,41.0
40765,916.0
40766,866.0
40767,41.0
40768,987.0
40769,597.0
40770,660.0
40771,406.0
40772,405.0
40773,909.0
40774,470.0
40775,529.0
40776,660.0
40777,580.0
40778,78.0
40779,200.0
40780,997.0
40781,30.0
40782,41.0
40783,832.0
40784,917.0
40785,407.0
40786,343.0
40787,90.0
40788,317.0
40789,846.0
40790,49.0
40791,353.0
40792,784.0
40793,445.0
40794,489.0
40795,251.0
40796,317.0
40797,213.0
40798,561.0
40799,213.0
40800,924.0
40801,445.0
40802,41.0
40803,264.0
40804,445.0
40805,989.0
40806,49.0
40807,305.0
40808,149.0
40809,42.0
40810,7.0
40811,49.0
40812,866.0
40813,48.0
40814,454.0
40815,928.0
40816,59.0
40817,529.0
40818,48.0
40819,917.0
40820,213.0
40821,660.0
40822,970.0
40823,902.0
40824,41.0
40825,251.0
40826,9.0
40827,997.0
40828,756.0
40829,684.0
40830,767.0
40831,370.0
40832,570.0
40833,585.0
40834,325.0
40835,920.0
40836,917.0
40837,543.0
40838,193.0
40839,989.0
40840,823.0
40841,575.0
40842,307.0
40843,305.0
40844,832.0
40845,251.0
40846,495.0
40847,866.0
40848,213.0
40849,59.0
40850,16.0
40851,665.0
40852,465.0
40853,813.0
40854,307.0
40855,325.0
40856,405.0
40857,580.0
40858,317.0
40859,677.0
40860,909.0
40861,216.0
40862,83.0
40863,813.0
40864,213.0
40865,305.0
40866,909.0
40867,512.0
40868,580.0
40869,917.0
40870,389.0
40871,41.0
40872,798.0
40873,721.0
40874,580.0
40875,462.0
40876,318.0
40877,68.0
40878,361.0
40879,317.0
40880,78.0
40881,213.0
40882,468.0
40883,50.0
40884,989.0
40885,352.0
40886,125.0
40887,984.0
40888,251.0
40889,392.0
40890,213.0
40891,558.0
40892,815.0
40893,16.0
40894,924.0
40895,9.0
40896,475.0
40897,317.0
40898,273.0
40899,97.0
40900,609.0
40901,762.0
40902,168.0
40903,462.0
40904,489.0
40905,202.0
40906,125.0
40907,789.0
40908,439.0
40909,391.0
40910,580.0
40911,208.0
40912,497.0
40913,216.0
40914,984.0
40915,861.0
40916,445.0
40917,909.0
40918,586.0
40919,788.0
40920,255.0
40921,909.0
40922,866.0
40923,505.0
40924,891.0
40925,251.0
40926,829.0
40927,130.0
40928,273.0
40929,49.0
40930,405.0
40931,59.0
40932,601.0
40933,820.0
40934,924.0
40935,13.0
40936,130.0
40937,997.0
40938,543.0
40939,928.0
40940,639.0
40941,721.0
40942,149.0
40943,627.0
40944,971.0
40945,527.0
40946,99.0
40947,756.0
40948,832.0
40949,543.0
40950,251.0
40951,884.0
40952,891.0
40953,27.0
40954,924.0
40955,36.0
40956,855.0
40957,439.0
40958,779.0
40959,168.0
40960,391.0
40961,995.0
40962,310.0
40963,813.0
40964,789.0
40965,866.0
40966,924.0
40967,251.0
40968,104.0
40969,149.0
40970,213.0
40971,405.0
40972,49.0
40973,213.0
40974,946.0
40975,405.0
40976,974.0
40977,125.0
40978,921.0
40979,721.0
40980,49.0
40981,660.0
40982,432.0
40983,665.0
40984,924.0
40985,909.0
40986,104.0
40987,884.0
40988,570.0
40989,718.0
40990,251.0
40991,916.0
40992,575.0
40993,580.0
40994,94.0
40995,168.0
40996,352.0
40997,352.0
40998,585.0
40999,75.0
41000,979.0
41001,627.0
41002,924.0
41003,130.0
41004,273.0
41005,977.0
41006,824.0
41007,49.0
41008,562.0
41009,575.0
41010,756.0
41011,720.0
41012,597.0
41013,909.0
41014,866.0
41015,916.0
41016,974.0
41017,213.0
41018,307.0
41019,213.0
41020,130.0
41021,213.0
41022,294.0
41023,325.0
41024,505.0
41025,41.0
41026,832.0
41027,264.0
41028,68.0
41029,97.0
41030,961.0
41031,820.0
41032,832.0
41033,759.0
41034,846.0
41035,213.0
41036,928.0
41037,928.0
41038,305.0
41039,909.0
41040,354.0
41041,42.0
41042,946.0
41043,445.0
41044,924.0
41045,909.0
41046,13.0
41047,67.0
41048,933.0
41049,97.0
41050,924.0
41051,50.0
41052,756.0
41053,813.0
41054,454.0
41055,49.0
41056,75.0
41057,529.0
41058,823.0
41059,130.0
41060,628.0
41061,813.0
41062,912.0
41063,620.0
41064,928.0
41065,213.0
41066,213.0
41067,891.0
41068,405.0
41069,68.0
41070,535.0
41071,216.0
41072,891.0
41073,813.0
41074,915.0
41075,317.0
41076,13.0
41077,317.0
41078,635.0
41079,180.0
41080,997.0
41081,353.0
41082,41.0
41083,213.0
41084,839.0
41085,917.0
41086,495.0
41087,361.0
41088,498.0
41089,49.0
41090,198.0
41091,924.0
41092,361.0
41093,224.0
41094,924.0
41095,83.0
41096,251.0
41097,882.0
41098,168.0
41099,921.0
41100,325.0
41101,928.0
41102,454.0
41103,68.0
41104,559.0
41105,104.0
41106,912.0
41107,989.0
41108,756.0
41109,251.0
41110,139.0
41111,317.0
41112,846.0
41113,620.0
41114,70.0
41115,997.0
41116,1.0
41117,628.0
41118,798.0
41119,928.0
41120,213.0
41121,924.0
41122,924.0
41123,417.0
41124,266.0
41125,866.0
41126,130.0
41127,325.0
41128,946.0
41129,928.0
41130,213.0
41131,627.0
41132,655.0
41133,939.0
41134,42.0
41135,13.0
41136,251.0
41137,273.0
41138,317.0
41139,41.0
41140,251.0
41141,784.0
41142,575.0
41143,559.0
41144,149.0
41145,361.0
41146,813.0
41147,660.0
41148,812.0
41149,195.0
41150,813.0
41151,997.0
41152,512.0
41153,273.0
41154,474.0
41155,213.0
41156,41.0
41157,405.0
41158,505.0
41159,296.0
41160,915.0
41161,177.0
41162,9.0
41163,609.0
41164,125.0
41165,9.0
41166,601.0
41167,176.0
41168,54.0
41169,559.0
41170,527.0
41171,149.0
41172,454.0
41173,813.0
41174,916.0
41175,48.0
41176,13.0
41177,120.0
41178,683.0
41179,974.0
41180,16.0
41181,928.0
41182,561.0
41183,970.0
41184,325.0
41185,75.0
41186,946.0
41187,388.0
41188,580.0
41189,191.0
41190,405.0
41191,909.0
41192,905.0
41193,721.0
41194,305.0
41195,495.0
41196,970.0
41197,445.0
41198,815.0
41199,41.0
41200,855.0
41201,815.0
41202,149.0
41203,928.0
41204,317.0
41205,405.0
41206,48.0
41207,49.0
41208,310.0
41209,213.0
41210,916.0
41211,83.0
41212,50.0
41213,813.0
41214,213.0
41215,432.0
41216,138.0
41217,455.0
41218,813.0
41219,909.0
41220,891.0
41221,75.0
41222,912.0
41223,213.0
41224,280.0
41225,307.0
41226,307.0
41227,939.0
41228,130.0
41229,767.0
41230,310.0
41231,559.0
41232,989.0
41233,42.0
41234,924.0
41235,660.0
41236,559.0
41237,580.0
41238,684.0
41239,470.0
41240,823.0
41241,42.0
41242,160.0
41243,120.0
41244,762.0
41245,997.0
41246,49.0
41247,213.0
41248,13.0
41249,789.0
41250,168.0
41251,811.0
41252,445.0
41253,375.0
41254,580.0
41255,746.0
41256,820.0
41257,499.0
41258,168.0
41259,474.0
41260,13.0
41261,620.0
41262,405.0
41263,832.0
41264,971.0
41265,149.0
41266,7.0
41267,42.0
41268,361.0
41269,317.0
41270,713.0
41271,440.0
41272,455.0
41273,9.0
41274,168.0
41275,68.0
41276,213.0
41277,762.0
41278,997.0
41279,317.0
41280,465.0
41281,125.0
41282,197.0
41283,813.0
41284,585.0
41285,928.0
41286,324.0
41287,13.0
41288,897.0
41289,42.0
41290,812.0
41291,779.0
41292,264.0
41293,347.0
41294,785.0
41295,7.0
41296,9.0
41297,756.0
41298,601.0
41299,305.0
41300,984.0
41301,643.0
41302,251.0
41303,924.0
41304,997.0
41305,49.0
41306,924.0
41307,75.0
41308,916.0
41309,324.0
41310,195.0
41311,94.0
41312,405.0
41313,361.0
41314,213.0
41315,917.0
41316,913.0
41317,762.0
41318,984.0
41319,13.0
41320,120.0
41321,924.0
41322,813.0
41323,946.0
41324,928.0
41325,891.0
41326,562.0
41327,924.0
41328,409.0
41329,213.0
41330,361.0
41331,662.0
41332,594.0
41333,627.0
41334,191.0
41335,445.0
41336,317.0
41337,607.0
41338,68.0
41339,597.0
41340,168.0
41341,997.0
41342,193.0
41343,41.0
41344,921.0
41345,803.0
41346,120.0
41347,120.0
41348,213.0
41349,1.0
41350,361.0
41351,660.0
41352,213.0
41353,912.0
41354,997.0
41355,213.0
41356,924.0
41357,917.0
41358,924.0
41359,239.0
41360,917.0
41361,130.0
41362,59.0
41363,99.0
41364,811.0
41365,946.0
41366,832.0
41367,813.0
41368,798.0
41369,213.0
41370,983.0
41371,49.0
41372,99.0
41373,361.0
41374,635.0
41375,307.0
41376,529.0
41377,13.0
41378,926.0
41379,909.0
41380,839.0
41381,946.0
41382,149.0
41383,405.0
41384,779.0
41385,465.0
41386,917.0
41387,627.0
41388,180.0
41389,928.0
41390,580.0
41391,302.0
41392,213.0
41393,49.0
41394,213.0
41395,405.0
41396,655.0
41397,406.0
41398,130.0
41399,318.0
41400,111.0
41401,974.0
41402,470.0
41403,216.0
41404,855.0
41405,49.0
41406,266.0
41407,213.0
41408,13.0
41409,13.0
41410,13.0
41411,317.0
41412,846.0
41413,354.0
41414,99.0
41415,138.0
41416,99.0
41417,912.0
41418,130.0
41419,905.0
41420,104.0
41421,130.0
41422,989.0
41423,266.0
41424,251.0
41425,932.0
41426,465.0
41427,970.0
41428,534.0
41429,352.0
41430,213.0
41431,251.0
41432,375.0
41433,905.0
41434,144.0
41435,495.0
41436,813.0
41437,317.0
41438,68.0
41439,813.0
41440,197.0
41441,677.0
41442,767.0
41443,969.0
41444,213.0
41445,49.0
41446,50.0
41447,928.0
41448,984.0
41449,512.0
41450,813.0
41451,251.0
41452,371.0
41453,813.0
41454,813.0
41455,213.0
41456,405.0
41457,264.0
41458,317.0
41459,224.0
41460,846.0
41461,916.0
41462,325.0
41463,305.0
41464,839.0
41465,118.0
41466,13.0
41467,575.0
41468,49.0
41469,803.0
41470,353.0
41471,839.0
41472,41.0
41473,317.0
41474,200.0
41475,405.0
41476,720.0
41477,149.0
41478,307.0
41479,946.0
41480,643.0
41481,251.0
41482,946.0
41483,405.0
41484,330.0
41485,49.0
41486,809.0
41487,812.0
41488,813.0
41489,581.0
41490,895.0
41491,558.0
41492,13.0
41493,974.0
41494,371.0
41495,213.0
41496,405.0
41497,527.0
41498,759.0
41499,928.0
41500,213.0
41501,811.0
41502,166.0
41503,429.0
41504,928.0
41505,465.0
41506,305.0
41507,895.0
41508,656.0
41509,213.0
41510,454.0
41511,29.0
41512,821.0
41513,924.0
41514,445.0
41515,174.0
41516,317.0
41517,354.0
41518,778.0
41519,168.0
41520,916.0
41521,324.0
41522,213.0
41523,213.0
41524,916.0
41525,59.0
41526,13.0
41527,571.0
41528,13.0
41529,929.0
41530,213.0
41531,193.0
41532,767.0
41533,247.0
41534,660.0
41535,924.0
41536,921.0
41537,997.0
41538,823.0
41539,575.0
41540,1.0
41541,99.0
41542,318.0
41543,543.0
41544,660.0
41545,445.0
41546,559.0
41547,846.0
41548,832.0
41549,168.0
41550,832.0
41551,168.0
41552,832.0
41553,99.0
41554,405.0
41555,130.0
41556,330.0
41557,318.0
41558,890.0
41559,813.0
41560,352.0
41561,909.0
41562,318.0
41563,166.0
41564,866.0
41565,213.0
41566,489.0
41567,49.0
41568,381.0
41569,946.0
41570,317.0
41571,68.0
41572,570.0
41573,974.0
41574,921.0
41575,989.0
41576,811.0
41577,149.0
41578,813.0
41579,104.0
41580,213.0
41581,9.0
41582,639.0
41583,798.0
41584,762.0
41585,813.0
41586,354.0
41587,41.0
41588,83.0
41589,917.0
41590,125.0
41591,274.0
41592,213.0
41593,924.0
41594,381.0
41595,445.0
41596,984.0
41597,924.0
41598,70.0
41599,789.0
41600,917.0
41601,917.0
41602,27.0
41603,402.0
41604,307.0
41605,575.0
41606,130.0
41607,41.0
41608,134.0
41609,924.0
41610,815.0
41611,402.0
41612,866.0
41613,815.0
41614,361.0
41615,273.0
41616,213.0
41617,454.0
41618,94.0
41619,811.0
41620,857.0
41621,974.0
41622,823.0
41623,924.0
41624,49.0
41625,924.0
41626,627.0
41627,660.0
41628,41.0
41629,984.0
41630,815.0
41631,41.0
41632,256.0
41633,924.0
41634,762.0
41635,307.0
41636,924.0
41637,756.0
41638,191.0
41639,19.0
41640,125.0
41641,251.0
41642,924.0
41643,213.0
41644,50.0
41645,803.0
41646,924.0
41647,100.0
41648,597.0
41649,718.0
41650,468.0
41651,891.0
41652,813.0
41653,127.0
41654,440.0
41655,559.0
41656,59.0
41657,495.0
41658,960.0
41659,149.0
41660,489.0
41661,290.0
41662,660.0
41663,534.0
41664,213.0
41665,305.0
41666,68.0
41667,325.0
41668,512.0
41669,928.0
41670,462.0
41671,924.0
41672,909.0
41673,495.0
41674,149.0
41675,266.0
41676,762.0
41677,917.0
41678,48.0
41679,13.0
41680,68.0
41681,200.0
41682,984.0
41683,720.0
41684,832.0
41685,813.0
41686,660.0
41687,916.0
41688,946.0
41689,831.0
41690,432.0
41691,813.0
41692,213.0
41693,193.0
41694,216.0
41695,813.0
41696,305.0
41697,499.0
41698,720.0
41699,475.0
41700,54.0
41701,130.0
41702,130.0
41703,454.0
41704,213.0
41705,405.0
41706,921.0
41707,627.0
41708,439.0
41709,325.0
41710,921.0
41711,475.0
41712,677.0
41713,725.0
41714,151.0
41715,809.0
41716,130.0
41717,535.0
41718,168.0
41719,213.0
41720,575.0
41721,251.0
41722,580.0
41723,41.0
41724,292.0
41725,939.0
41726,866.0
41727,405.0
41728,317.0
41729,733.0
41730,251.0
41731,168.0
41732,49.0
41733,213.0
41734,866.0
41735,924.0
41736,974.0
41737,984.0
41738,580.0
41739,584.0
41740,971.0
41741,527.0
41742,917.0
41743,149.0
41744,251.0
41745,149.0
41746,762.0
41747,317.0
41748,75.0
41749,974.0
41750,202.0
41751,310.0
41752,296.0
41753,193.0
41754,813.0
41755,104.0
41756,13.0
41757,812.0
41758,68.0
41759,317.0
41760,912.0
41761,586.0
41762,660.0
41763,946.0
41764,897.0
41765,720.0
41766,445.0
41767,99.0
41768,41.0
41769,130.0
41770,216.0
41771,969.0
41772,125.0
41773,319.0
41774,489.0
41775,130.0
41776,361.0
41777,809.0
41778,191.0
41779,324.0
41780,821.0
41781,639.0
41782,75.0
41783,99.0
41784,651.0
41785,924.0
41786,213.0
41787,13.0
41788,995.0
41789,812.0
41790,130.0
41791,529.0
41792,213.0
41793,97.0
41794,566.0
41795,19.0
41796,984.0
41797,924.0
41798,803.0
41799,75.0
41800,789.0
41801,317.0
41802,924.0
41803,9.0
41804,445.0
41805,269.0
41806,834.0
41807,762.0
41808,126.0
41809,130.0
41810,984.0
41811,928.0
41812,627.0
41813,921.0
41814,251.0
41815,575.0
41816,512.0
41817,607.0
41818,924.0
41819,200.0
41820,746.0
41821,798.0
41822,193.0
41823,305.0
41824,136.0
41825,917.0
41826,924.0
41827,351.0
41828,961.0
41829,939.0
41830,882.0
41831,439.0
41832,127.0
41833,406.0
41834,104.0
41835,120.0
41836,989.0
41837,59.0
41838,54.0
41839,83.0
41840,440.0
41841,352.0
41842,580.0
41843,352.0
41844,575.0
41845,104.0
41846,130.0
41847,970.0
41848,815.0
41849,317.0
41850,408.0
41851,891.0
41852,19.0
41853,909.0
41854,813.0
41855,216.0
41856,815.0
41857,895.0
41858,884.0
41859,651.0
41860,130.0
41861,884.0
41862,929.0
41863,305.0
41864,130.0
41865,13.0
41866,68.0
41867,42.0
41868,48.0
41869,844.0
41870,9.0
41871,440.0
41872,917.0
41873,255.0
41874,50.0
41875,575.0
41876,909.0
41877,917.0
41878,987.0
41879,971.0
41880,354.0
41881,168.0
41882,846.0
41883,832.0
41884,886.0
41885,974.0
41886,575.0
41887,307.0
41888,683.0
41889,924.0
41890,130.0
41891,916.0
41892,553.0
41893,917.0
41894,928.0
41895,660.0
41896,839.0
41897,575.0
41898,789.0
41899,813.0
41900,213.0
41901,813.0
41902,13.0
41903,884.0
41904,543.0
41905,924.0
41906,130.0
41907,866.0
41908,813.0
41909,168.0
41910,393.0
41911,974.0
41912,660.0
41913,405.0
41914,120.0
41915,255.0
41916,125.0
41917,149.0
41918,50.0
41919,917.0
41920,924.0
41921,684.0
41922,489.0
41923,104.0
41924,489.0
41925,19.0
41926,445.0
41927,798.0
41928,361.0
41929,912.0
41930,49.0
41931,330.0
41932,924.0
41933,290.0
41934,984.0
41935,823.0
41936,995.0
41937,41.0
41938,255.0
41939,166.0
41940,559.0
41941,995.0
41942,305.0
41943,151.0
41944,974.0
41945,191.0
41946,895.0
41947,213.0
41948,273.0
41949,912.0
41950,406.0
41951,75.0
41952,149.0
41953,213.0
41954,803.0
41955,193.0
41956,371.0
41957,997.0
41958,59.0
41959,6.0
41960,305.0
41961,29.0
41962,361.0
41963,149.0
41964,256.0
41965,820.0
41966,483.0
41967,216.0
41968,361.0
41969,41.0
41970,529.0
41971,213.0
41972,251.0
41973,200.0
41974,405.0
41975,585.0
41976,597.0
41977,928.0
41978,977.0
41979,251.0
41980,660.0
41981,130.0
41982,562.0
41983,463.0
41984,104.0
41985,660.0
41986,75.0
41987,213.0
41988,832.0
41989,151.0
41990,251.0
41991,500.0
41992,974.0
41993,120.0
41994,361.0
41995,166.0
41996,720.0
41997,846.0
41998,179.0
41999,317.0
42000,924.0
42001,660.0
42002,291.0
42003,967.0
42004,50.0
42005,130.0
42006,815.0
42007,916.0
42008,361.0
42009,94.0
42010,811.0
42011,408.0
42012,913.0
42013,470.0
42014,756.0
42015,924.0
42016,928.0
42017,831.0
42018,7.0
42019,628.0
42020,917.0
42021,468.0
42022,815.0
42023,317.0
42024,213.0
42025,720.0
42026,821.0
42027,632.0
42028,307.0
42029,734.0
42030,924.0
42031,256.0
42032,989.0
42033,454.0
42034,839.0
42035,533.0
42036,740.0
42037,49.0
42038,13.0
42039,213.0
42040,559.0
42041,361.0
42042,120.0
42043,213.0
42044,255.0
42045,882.0
42046,440.0
42047,462.0
42048,928.0
42049,130.0
42050,483.0
42051,41.0
42052,405.0
42053,273.0
42054,13.0
42055,213.0
42056,305.0
42057,48.0
42058,767.0
42059,439.0
42060,813.0
42061,839.0
42062,866.0
42063,440.0
42064,823.0
42065,909.0
42066,921.0
42067,436.0
42068,855.0
42069,310.0
42070,49.0
42071,832.0
42072,974.0
42073,104.0
42074,812.0
42075,809.0
42076,262.0
42077,213.0
42078,891.0
42079,813.0
42080,130.0
42081,677.0
42082,501.0
42083,832.0
42084,813.0
42085,733.0
42086,305.0
42087,13.0
42088,628.0
42089,778.0
42090,928.0
42091,580.0
42092,50.0
42093,361.0
42094,193.0
42095,251.0
42096,9.0
42097,305.0
42098,569.0
42099,928.0
42100,916.0
42101,627.0
42102,570.0
42103,454.0
42104,909.0
42105,809.0
42106,656.0
42107,361.0
42108,474.0
42109,832.0
42110,871.0
42111,239.0
42112,50.0
42113,821.0
42114,127.0
42115,264.0
42116,49.0
42117,391.0
42118,916.0
42119,984.0
42120,866.0
42121,1.0
42122,615.0
42123,795.0
42124,138.0
42125,917.0
42126,308.0
42127,916.0
42128,500.0
42129,855.0
42130,149.0
42131,83.0
42132,68.0
42133,166.0
42134,462.0
42135,75.0
42136,809.0
42137,361.0
42138,213.0
42139,317.0
42140,317.0
42141,890.0
42142,27.0
42143,660.0
42144,16.0
42145,924.0
42146,620.0
42147,130.0
42148,354.0
42149,130.0
42150,955.0
42151,706.0
42152,580.0
42153,361.0
42154,151.0
42155,597.0
42156,813.0
42157,445.0
42158,813.0
42159,909.0
42160,706.0
42161,660.0
42162,325.0
42163,974.0
42164,50.0
42165,120.0
42166,213.0
42167,495.0
42168,997.0
42169,909.0
42170,213.0
42171,746.0
42172,512.0
42173,813.0
42174,813.0
42175,262.0
42176,597.0
42177,897.0
42178,989.0
42179,884.0
42180,661.0
42181,130.0
42182,815.0
42183,405.0
42184,213.0
42185,16.0
42186,68.0
42187,535.0
42188,239.0
42189,191.0
42190,361.0
42191,48.0
42192,815.0
42193,94.0
42194,813.0
42195,924.0
42196,684.0
42197,370.0
42198,193.0
42199,213.0
42200,168.0
42201,946.0
42202,50.0
42203,318.0
42204,580.0
42205,917.0
42206,862.0
42207,924.0
42208,660.0
42209,824.0
42210,924.0
42211,149.0
42212,928.0
42213,75.0
42214,909.0
42215,846.0
42216,974.0
42217,387.0
42218,405.0
42219,54.0
42220,884.0
42221,905.0
42222,405.0
42223,559.0
42224,144.0
42225,762.0
42226,318.0
42227,813.0
42228,251.0
42229,813.0
42230,213.0
42231,921.0
42232,575.0
42233,318.0
42234,779.0
42235,924.0
42236,130.0
42237,884.0
42238,291.0
42239,168.0
42240,6.0
42241,982.0
42242,767.0
42243,823.0
42244,68.0
42245,475.0
42246,391.0
42247,213.0
42248,361.0
42249,500.0
42250,375.0
42251,168.0
42252,974.0
42253,924.0
42254,832.0
42255,474.0
42256,125.0
42257,41.0
42258,912.0
42259,627.0
42260,505.0
42261,884.0
42262,795.0
42263,454.0
42264,917.0
42265,405.0
42266,149.0
42267,454.0
42268,928.0
42269,984.0
42270,325.0
42271,543.0
42272,923.0
42273,100.0
42274,42.0
42275,920.0
42276,13.0
42277,104.0
42278,432.0
42279,405.0
42280,273.0
42281,454.0
42282,813.0
42283,955.0
42284,130.0
42285,440.0
42286,41.0
42287,584.0
42288,489.0
42289,324.0
42290,264.0
42291,813.0
42292,733.0
42293,635.0
42294,974.0
42295,895.0
42296,130.0
42297,239.0
42298,902.0
42299,917.0
42300,213.0
42301,402.0
42302,236.0
42303,928.0
42304,916.0
42305,832.0
42306,130.0
42307,970.0
42308,939.0
42309,213.0
42310,533.0
42311,292.0
42312,924.0
42313,977.0
42314,193.0
42315,543.0
42316,41.0
42317,406.0
42318,946.0
42319,49.0
42320,495.0
42321,251.0
42322,489.0
42323,569.0
42324,815.0
42325,809.0
42326,158.0
42327,318.0
42328,575.0
42329,483.0
42330,580.0
42331,13.0
42332,41.0
42333,884.0
42334,971.0
42335,653.0
42336,251.0
42337,928.0
42338,821.0
42339,454.0
42340,445.0
42341,917.0
42342,13.0
42343,163.0
42344,474.0
42345,984.0
42346,197.0
42347,813.0
42348,974.0
42349,213.0
42350,125.0
42351,543.0
42352,130.0
42353,305.0
42354,361.0
42355,41.0
42356,60.0
42357,102.0
42358,909.0
42359,41.0
42360,812.0
42361,505.0
42362,924.0
42363,779.0
42364,59.0
42365,49.0
42366,49.0
42367,445.0
42368,916.0
42369,924.0
42370,13.0
42371,454.0
42372,846.0
42373,662.0
42374,307.0
42375,168.0
42376,601.0
42377,361.0
42378,255.0
42379,347.0
42380,821.0
42381,846.0
42382,891.0
42383,216.0
42384,832.0
42385,924.0
42386,166.0
42387,305.0
42388,946.0
42389,970.0
42390,354.0
42391,213.0
42392,325.0
42393,733.0
42394,445.0
42395,762.0
42396,928.0
42397,970.0
42398,318.0
42399,915.0
42400,832.0
42401,213.0
42402,9.0
42403,455.0
42404,138.0
42405,803.0
42406,138.0
42407,48.0
42408,762.0
42409,305.0
42410,273.0
42411,917.0
42412,921.0
42413,884.0
42414,580.0
42415,984.0
42416,200.0
42417,832.0
42418,353.0
42419,746.0
42420,139.0
42421,974.0
42422,213.0
42423,405.0
42424,462.0
42425,392.0
42426,468.0
42427,149.0
42428,13.0
42429,543.0
42430,974.0
42431,569.0
42432,193.0
42433,789.0
42434,905.0
42435,130.0
42436,49.0
42437,325.0
42438,325.0
42439,402.0
42440,213.0
42441,208.0
42442,974.0
42443,866.0
42444,989.0
42445,684.0
42446,13.0
42447,997.0
42448,465.0
42449,273.0
42450,609.0
42451,343.0
42452,439.0
42453,989.0
42454,213.0
42455,997.0
42456,168.0
42457,130.0
42458,897.0
42459,65.0
42460,517.0
42461,924.0
42462,884.0
42463,489.0
42464,213.0
42465,49.0
42466,454.0
42467,977.0
42468,94.0
42469,989.0
42470,213.0
42471,660.0
42472,405.0
42473,361.0
42474,921.0
42475,909.0
42476,655.0
42477,989.0
42478,49.0
42479,168.0
42480,740.0
42481,445.0
42482,49.0
42483,139.0
42484,974.0
42485,541.0
42486,83.0
42487,9.0
42488,821.0
42489,967.0
42490,928.0
42491,130.0
42492,391.0
42493,232.0
42494,213.0
42495,168.0
42496,448.0
42497,143.0
42498,294.0
42499,7.0
42500,302.0
42501,627.0
42502,960.0
42503,597.0
42504,559.0
42505,236.0
42506,586.0
42507,251.0
42508,924.0
42509,468.0
42510,580.0
42511,200.0
42512,628.0
42513,193.0
42514,655.0
42515,251.0
42516,815.0
42517,746.0
42518,813.0
42519,67.0
42520,305.0
42521,585.0
42522,130.0
42523,884.0
42524,130.0
42525,255.0
42526,9.0
42527,317.0
42528,59.0
42529,97.0
42530,405.0
42531,884.0
42532,890.0
42533,305.0
42534,512.0
42535,924.0
42536,586.0
42537,307.0
42538,41.0
42539,361.0
42540,75.0
42541,120.0
42542,489.0
42543,895.0
42544,405.0
42545,149.0
42546,166.0
42547,151.0
42548,884.0
42549,361.0
42550,632.0
42551,977.0
42552,213.0
42553,168.0
42554,236.0
42555,13.0
42556,913.0
42557,76.0
42558,325.0
42559,13.0
42560,974.0
42561,917.0
42562,815.0
42563,846.0
42564,974.0
42565,616.0
42566,48.0
42567,928.0
42568,149.0
42569,533.0
42570,580.0
42571,19.0
42572,756.0
42573,846.0
42574,59.0
42575,445.0
42576,213.0
42577,575.0
42578,989.0
42579,813.0
42580,324.0
42581,310.0
42582,213.0
42583,846.0
42584,436.0
42585,543.0
42586,832.0
42587,138.0
42588,575.0
42589,813.0
42590,48.0
42591,49.0
42592,13.0
42593,305.0
42594,75.0
42595,917.0
42596,984.0
42597,553.0
42598,813.0
42599,213.0
42600,343.0
42601,871.0
42602,527.0
42603,324.0
42604,167.0
42605,310.0
42606,405.0
42607,895.0
42608,813.0
42609,974.0
42610,924.0
42611,601.0
42612,68.0
42613,330.0
42614,317.0
42615,997.0
42616,580.0
42617,307.0
42618,317.0
42619,974.0
42620,213.0
42621,6.0
42622,305.0
42623,928.0
42624,19.0
42625,916.0
42626,266.0
42627,213.0
42628,213.0
42629,677.0
42630,318.0
42631,912.0
42632,41.0
42633,905.0
42634,305.0
42635,924.0
42636,375.0
42637,917.0
42638,767.0
42639,660.0
42640,580.0
42641,330.0
42642,213.0
42643,677.0
42644,149.0
42645,42.0
42646,917.0
42647,405.0
42648,916.0
42649,823.0
42650,13.0
42651,455.0
42652,361.0
42653,49.0
42654,974.0
42655,662.0
42656,989.0
42657,213.0
42658,917.0
42659,785.0
42660,347.0
42661,756.0
42662,245.0
42663,352.0
42664,130.0
42665,180.0
42666,305.0
42667,325.0
42668,569.0
42669,200.0
42670,445.0
42671,352.0
42672,846.0
42673,361.0
42674,361.0
42675,995.0
42676,468.0
42677,660.0
42678,50.0
42679,330.0
42680,445.0
42681,928.0
42682,831.0
42683,811.0
42684,884.0
42685,924.0
42686,917.0
42687,823.0
42688,75.0
42689,627.0
42690,627.0
42691,543.0
42692,767.0
42693,974.0
42694,168.0
42695,361.0
42696,361.0
42697,917.0
42698,912.0
42699,811.0
42700,884.0
42701,909.0
42702,143.0
42703,916.0
42704,49.0
42705,580.0
42706,239.0
42707,498.0
42708,405.0
42709,213.0
42710,193.0
42711,924.0
42712,216.0
42713,139.0
42714,762.0
42715,13.0
42716,168.0
42717,586.0
42718,813.0
42719,9.0
42720,527.0
42721,354.0
42722,580.0
42723,94.0
42724,575.0
42725,361.0
42726,325.0
42727,997.0
42728,264.0
42729,971.0
42730,909.0
42731,67.0
42732,974.0
42733,251.0
42734,543.0
42735,866.0
42736,720.0
42737,665.0
42738,575.0
42739,305.0
42740,627.0
42741,720.0
42742,746.0
42743,405.0
42744,174.0
42745,351.0
42746,251.0
42747,168.0
42748,798.0
42749,809.0
42750,402.0
42751,177.0
42752,813.0
42753,213.0
42754,307.0
42755,59.0
42756,713.0
42757,180.0
42758,317.0
42759,662.0
42760,180.0
42761,151.0
42762,984.0
42763,974.0
42764,660.0
42765,813.0
42766,251.0
42767,535.0
42768,979.0
42769,632.0
42770,832.0
42771,813.0
42772,839.0
42773,575.0
42774,130.0
42775,575.0
42776,305.0
42777,746.0
42778,580.0
42779,917.0
42780,720.0
42781,445.0
42782,68.0
42783,445.0
42784,264.0
42785,884.0
42786,746.0
42787,76.0
42788,832.0
42789,42.0
42790,352.0
42791,352.0
42792,213.0
42793,354.0
42794,639.0
42795,535.0
42796,891.0
42797,924.0
42798,928.0
42799,48.0
42800,149.0
42801,462.0
42802,41.0
42803,812.0
42804,41.0
42805,405.0
42806,392.0
42807,318.0
42808,946.0
42809,130.0
42810,455.0
42811,94.0
42812,317.0
42813,866.0
42814,68.0
42815,405.0
42816,67.0
42817,713.0
42818,213.0
42819,665.0
42820,251.0
42821,445.0
42822,41.0
42823,440.0
42824,354.0
42825,213.0
42826,501.0
42827,198.0
42828,831.0
42829,762.0
42830,273.0
42831,720.0
42832,168.0
42833,884.0
42834,317.0
42835,597.0
42836,213.0
42837,512.0
42838,601.0
42839,213.0
42840,884.0
42841,59.0
42842,495.0
42843,97.0
42844,134.0
42845,405.0
42846,489.0
42847,798.0
42848,884.0
42849,916.0
42850,317.0
42851,813.0
42852,909.0
42853,213.0
42854,446.0
42855,917.0
42856,997.0
42857,939.0
42858,767.0
42859,149.0
42860,371.0
42861,48.0
42862,318.0
42863,627.0
42864,795.0
42865,884.0
42866,809.0
42867,236.0
42868,916.0
42869,213.0
42870,946.0
42871,977.0
42872,41.0
42873,575.0
42874,41.0
42875,393.0
42876,200.0
42877,405.0
42878,168.0
42879,928.0
42880,216.0
42881,809.0
42882,846.0
42883,208.0
42884,886.0
42885,213.0
42886,984.0
42887,213.0
42888,917.0
42889,273.0
42890,402.0
42891,813.0
42892,305.0
42893,924.0
42894,960.0
42895,569.0
42896,13.0
42897,13.0
42898,36.0
42899,168.0
42900,177.0
42901,844.0
42902,294.0
42903,13.0
42904,655.0
42905,521.0
42906,330.0
42907,660.0
42908,149.0
42909,660.0
42910,125.0
42911,70.0
42912,1.0
42913,54.0
42914,325.0
42915,989.0
42916,983.0
42917,834.0
42918,213.0
42919,439.0
42920,407.0
42921,866.0
42922,213.0
42923,405.0
42924,202.0
42925,149.0
42926,49.0
42927,946.0
42928,989.0
42929,13.0
42930,635.0
42931,288.0
42932,439.0
42933,706.0
42934,75.0
42935,627.0
42936,917.0
42937,41.0
42938,635.0
42939,213.0
42940,660.0
42941,70.0
42942,809.0
42943,48.0
42944,866.0
42945,213.0
42946,213.0
42947,75.0
42948,49.0
42949,813.0
42950,997.0
42951,213.0
42952,832.0
42953,917.0
42954,884.0
42955,216.0
42956,177.0
42957,970.0
42958,798.0
42959,224.0
42960,832.0
42961,149.0
42962,41.0
42963,149.0
42964,213.0
42965,917.0
42966,813.0
42967,405.0
42968,50.0
42969,130.0
42970,917.0
42971,130.0
42972,48.0
42973,30.0
42974,559.0
42975,413.0
42976,813.0
42977,445.0
42978,27.0
42979,445.0
42980,846.0
42981,168.0
42982,974.0
42983,984.0
42984,402.0
42985,909.0
42986,580.0
42987,391.0
42988,813.0
42989,997.0
42990,746.0
42991,660.0
42992,746.0
42993,168.0
42994,660.0
42995,361.0
42996,273.0
42997,9.0
42998,120.0
42999,151.0
43000,580.0
43001,130.0
43002,68.0
43003,500.0
43004,68.0
43005,29.0
43006,939.0
43007,310.0
43008,948.0
43009,498.0
43010,463.0
43011,917.0
43012,317.0
43013,251.0
43014,628.0
43015,294.0
43016,191.0
43017,474.0
43018,813.0
43019,149.0
43020,949.0
43021,120.0
43022,193.0
43023,405.0
43024,984.0
43025,83.0
43026,558.0
43027,916.0
43028,406.0
43029,405.0
43030,924.0
43031,462.0
43032,866.0
43033,813.0
43034,815.0
43035,213.0
43036,213.0
43037,846.0
43038,909.0
43039,405.0
43040,405.0
43041,13.0
43042,41.0
43043,9.0
43044,891.0
43045,946.0
43046,498.0
43047,406.0
43048,953.0
43049,890.0
43050,168.0
43051,177.0
43052,462.0
43053,68.0
43054,50.0
43055,570.0
43056,213.0
43057,454.0
43058,384.0
43059,266.0
43060,575.0
43061,813.0
43062,974.0
43063,789.0
43064,499.0
43065,489.0
43066,628.0
43067,405.0
43068,866.0
43069,318.0
43070,660.0
43071,48.0
43072,884.0
43073,928.0
43074,445.0
43075,924.0
43076,264.0
43077,789.0
43078,928.0
43079,884.0
43080,99.0
43081,812.0
43082,489.0
43083,660.0
43084,580.0
43085,1.0
43086,168.0
43087,995.0
43088,445.0
43089,445.0
43090,512.0
43091,712.0
43092,882.0
43093,660.0
43094,839.0
43095,997.0
43096,809.0
43097,628.0
43098,618.0
43099,49.0
43100,455.0
43101,984.0
43102,909.0
43103,989.0
43104,168.0
43105,168.0
43106,468.0
43107,41.0
43108,50.0
43109,445.0
43110,989.0
43111,405.0
43112,779.0
43113,566.0
43114,495.0
43115,512.0
43116,266.0
43117,928.0
43118,585.0
43119,570.0
43120,974.0
43121,213.0
43122,236.0
43123,49.0
43124,917.0
43125,405.0
43126,891.0
43127,216.0
43128,149.0
43129,371.0
43130,75.0
43131,809.0
43132,928.0
43133,974.0
43134,330.0
43135,446.0
43136,324.0
43137,305.0
43138,102.0
43139,813.0
43140,909.0
43141,213.0
43142,13.0
43143,844.0
43144,628.0
43145,909.0
43146,832.0
43147,445.0
43148,361.0
43149,168.0
43150,562.0
43151,36.0
43152,49.0
43153,997.0
43154,733.0
43155,50.0
43156,917.0
43157,815.0
43158,294.0
43159,59.0
43160,946.0
43161,130.0
43162,500.0
43163,405.0
43164,639.0
43165,236.0
43166,558.0
43167,974.0
43168,310.0
43169,718.0
43170,325.0
43171,813.0
43172,445.0
43173,445.0
43174,59.0
43175,191.0
43176,13.0
43177,120.0
43178,890.0
43179,68.0
43180,130.0
43181,59.0
43182,361.0
43183,767.0
43184,445.0
43185,130.0
43186,512.0
43187,561.0
43188,916.0
43189,916.0
43190,318.0
43191,566.0
43192,251.0
43193,832.0
43194,361.0
43195,75.0
43196,575.0
43197,821.0
43198,8.0
43199,935.0
43200,984.0
43201,232.0
43202,909.0
43203,562.0
43204,59.0
43205,974.0
43206,166.0
43207,609.0
43208,49.0
43209,928.0
43210,41.0
43211,717.0
43212,111.0
43213,168.0
43214,974.0
43215,41.0
43216,713.0
43217,70.0
43218,570.0
43219,495.0
43220,41.0
43221,125.0
43222,974.0
43223,917.0
43224,902.0
43225,821.0
43226,733.0
43227,970.0
43228,130.0
43229,483.0
43230,627.0
43231,168.0
43232,924.0
43233,454.0
43234,811.0
43235,381.0
43236,59.0
43237,318.0
43238,68.0
43239,149.0
43240,104.0
43241,318.0
43242,866.0
43243,924.0
43244,97.0
43245,405.0
43246,120.0
43247,803.0
43248,585.0
43249,921.0
43250,193.0
43251,317.0
43252,168.0
43253,871.0
43254,49.0
43255,307.0
43256,489.0
43257,597.0
43258,939.0
43259,813.0
43260,660.0
43261,9.0
43262,217.0
43263,251.0
43264,832.0
43265,534.0
43266,762.0
43267,200.0
43268,660.0
43269,912.0
43270,102.0
43271,812.0
43272,352.0
43273,855.0
43274,897.0
43275,607.0
43276,213.0
43277,391.0
43278,886.0
43279,946.0
43280,880.0
43281,325.0
43282,352.0
43283,928.0
43284,168.0
43285,909.0
43286,120.0
43287,884.0
43288,41.0
43289,54.0
43290,213.0
43291,273.0
43292,928.0
43293,48.0
43294,891.0
43295,168.0
43296,912.0
43297,408.0
43298,445.0
43299,789.0
43300,352.0
43301,813.0
43302,120.0
43303,149.0
43304,193.0
43305,125.0
43306,292.0
43307,180.0
43308,200.0
43309,762.0
43310,213.0
43311,49.0
43312,445.0
43313,193.0
43314,94.0
43315,104.0
43316,474.0
43317,405.0
43318,59.0
43319,305.0
43320,54.0
43321,75.0
43322,558.0
43323,895.0
43324,813.0
43325,789.0
43326,352.0
43327,627.0
43328,974.0
43329,361.0
43330,559.0
43331,216.0
43332,41.0
43333,49.0
43334,974.0
43335,49.0
43336,495.0
43337,989.0
43338,13.0
43339,813.0
43340,580.0
43341,216.0
43342,558.0
43343,213.0
43344,13.0
43345,144.0
43346,660.0
43347,1.0
43348,984.0
43349,568.0
43350,979.0
43351,928.0
43352,1.0
43353,580.0
43354,916.0
43355,535.0
43356,501.0
43357,803.0
43358,855.0
43359,580.0
43360,725.0
43361,917.0
43362,623.0
43363,832.0
43364,352.0
43365,924.0
43366,49.0
43367,213.0
43368,54.0
43369,94.0
43370,70.0
43371,143.0
43372,41.0
43373,916.0
43374,41.0
43375,733.0
43376,813.0
43377,149.0
43378,325.0
43379,607.0
43380,168.0
43381,361.0
43382,813.0
43383,809.0
43384,213.0
43385,912.0
43386,94.0
43387,580.0
43388,594.0
43389,213.0
43390,866.0
43391,9.0
43392,928.0
43393,54.0
43394,213.0
43395,48.0
43396,48.0
43397,94.0
43398,317.0
43399,454.0
43400,317.0
43401,580.0
43402,917.0
43403,820.0
43404,926.0
43405,746.0
43406,1.0
43407,13.0
43408,569.0
43409,13.0
43410,13.0
43411,785.0
43412,562.0
43413,48.0
43414,974.0
43415,168.0
43416,877.0
43417,296.0
43418,354.0
43419,213.0
43420,198.0
43421,49.0
43422,586.0
43423,375.0
43424,924.0
43425,213.0
43426,391.0
43427,831.0
43428,823.0
43429,324.0
43430,605.0
43431,448.0
43432,575.0
43433,130.0
43434,813.0
43435,557.0
43436,917.0
43437,134.0
43438,130.0
43439,839.0
43440,213.0
43441,213.0
43442,193.0
43443,168.0
43444,844.0
43445,251.0
43446,897.0
43447,928.0
43448,627.0
43449,890.0
43450,213.0
43451,454.0
43452,193.0
43453,974.0
43454,168.0
43455,912.0
43456,391.0
43457,866.0
43458,746.0
43459,839.0
43460,462.0
43461,125.0
43462,489.0
43463,559.0
43464,13.0
43465,866.0
43466,886.0
43467,454.0
43468,54.0
43469,307.0
43470,977.0
43471,370.0
43472,713.0
43473,370.0
43474,984.0
43475,489.0
43476,149.0
43477,168.0
43478,213.0
43479,924.0
43480,468.0
43481,264.0
43482,905.0
43483,789.0
43484,213.0
43485,305.0
43486,720.0
43487,343.0
43488,912.0
43489,30.0
43490,939.0
43491,168.0
43492,970.0
43493,405.0
43494,529.0
43495,580.0
43496,168.0
43497,997.0
43498,111.0
43499,917.0
43500,813.0
43501,809.0
43502,405.0
43503,772.0
43504,543.0
43505,445.0
43506,660.0
43507,984.0
43508,474.0
43509,245.0
43510,307.0
43511,13.0
43512,580.0
43513,49.0
43514,633.0
43515,19.0
43516,130.0
43517,917.0
43518,68.0
43519,75.0
43520,405.0
43521,916.0
43522,779.0
43523,318.0
43524,946.0
43525,913.0
43526,191.0
43527,68.0
43528,557.0
43529,866.0
43530,915.0
43531,305.0
43532,68.0
43533,920.0
43534,932.0
43535,660.0
43536,75.0
43537,308.0
43538,213.0
43539,627.0
43540,601.0
43541,632.0
43542,756.0
43543,569.0
43544,213.0
43545,446.0
43546,474.0
43547,924.0
43548,891.0
43549,627.0
43550,317.0
43551,454.0
43552,989.0
43553,924.0
43554,974.0
43555,151.0
43556,251.0
43557,939.0
43558,580.0
43559,343.0
43560,917.0
43561,813.0
43562,811.0
43563,989.0
43564,305.0
43565,627.0
43566,843.0
43567,651.0
43568,445.0
43569,866.0
43570,213.0
43571,94.0
43572,180.0
43573,49.0
43574,468.0
43575,180.0
43576,527.0
43577,661.0
43578,660.0
43579,41.0
43580,924.0
43581,130.0
43582,191.0
43583,255.0
43584,512.0
43585,803.0
43586,317.0
43587,54.0
43588,273.0
43589,917.0
43590,50.0
43591,75.0
43592,656.0
43593,317.0
43594,909.0
43595,83.0
43596,815.0
43597,251.0
43598,813.0
43599,916.0
43600,193.0
43601,627.0
43602,149.0
43603,405.0
43604,559.0
43605,974.0
43606,815.0
43607,660.0
43608,909.0
43609,354.0
43610,353.0
43611,946.0
43612,924.0
43613,813.0
43614,924.0
43615,134.0
43616,78.0
43617,839.0
43618,294.0
43619,713.0
43620,928.0
43621,516.0
43622,813.0
43623,200.0
43624,49.0
43625,120.0
43626,512.0
43627,924.0
43628,813.0
43629,104.0
43630,662.0
43631,317.0
43632,393.0
43633,917.0
43634,75.0
43635,134.0
43636,720.0
43637,216.0
43638,500.0
43639,361.0
43640,813.0
43641,660.0
43642,924.0
43643,811.0
43644,305.0
43645,16.0
43646,497.0
43647,946.0
43648,798.0
43649,939.0
43650,720.0
43651,405.0
43652,917.0
43653,75.0
43654,130.0
43655,9.0
43656,643.0
43657,439.0
43658,543.0
43659,445.0
43660,916.0
43661,13.0
43662,997.0
43663,325.0
43664,213.0
43665,213.0
43666,361.0
43667,575.0
43668,405.0
43669,392.0
43670,371.0
43671,75.0
43672,41.0
43673,533.0
43674,127.0
43675,361.0
43676,368.0
43677,839.0
43678,264.0
43679,924.0
43680,720.0
43681,997.0
43682,1.0
43683,168.0
43684,361.0
43685,465.0
43686,917.0
43687,454.0
43688,831.0
43689,353.0
43690,913.0
43691,75.0
43692,49.0
43693,575.0
43694,130.0
43695,559.0
43696,917.0
43697,917.0
43698,627.0
43699,580.0
43700,984.0
43701,151.0
43702,454.0
43703,361.0
43704,213.0
43705,445.0
43706,324.0
43707,813.0
43708,391.0
43709,213.0
43710,405.0
43711,815.0
43712,402.0
43713,149.0
43714,325.0
43715,580.0
43716,68.0
43717,407.0
43718,580.0
43719,305.0
43720,924.0
43721,216.0
43722,307.0
43723,251.0
43724,49.0
43725,262.0
43726,352.0
43727,213.0
43728,41.0
43729,924.0
43730,813.0
43731,970.0
43732,296.0
43733,623.0
43734,946.0
43735,813.0
43736,884.0
43737,811.0
43738,50.0
43739,405.0
43740,909.0
43741,168.0
43742,213.0
43743,627.0
43744,558.0
43745,813.0
43746,971.0
43747,815.0
43748,183.0
43749,921.0
43750,767.0
43751,387.0
43752,803.0
43753,832.0
43754,48.0
43755,405.0
43756,432.0
43757,193.0
43758,251.0
43759,251.0
43760,946.0
43761,866.0
43762,823.0
43763,48.0
43764,325.0
43765,139.0
43766,13.0
43767,130.0
43768,288.0
43769,917.0
43770,974.0
43771,928.0
43772,917.0
43773,886.0
43774,213.0
43775,49.0
43776,917.0
43777,68.0
43778,559.0
43779,317.0
43780,454.0
43781,273.0
43782,168.0
43783,813.0
43784,139.0
43785,832.0
43786,405.0
43787,307.0
43788,662.0
43789,989.0
43790,917.0
43791,767.0
43792,974.0
43793,832.0
43794,264.0
43795,68.0
43796,251.0
43797,361.0
43798,59.0
43799,29.0
43800,130.0
43801,68.0
43802,216.0
43803,562.0
43804,839.0
43805,570.0
43806,9.0
43807,924.0
43808,917.0
43809,273.0
43810,660.0
43811,924.0
43812,264.0
43813,585.0
43814,136.0
43815,809.0
43816,762.0
43817,104.0
43818,305.0
43819,305.0
43820,924.0
43821,13.0
43822,970.0
43823,585.0
43824,559.0
43825,213.0
43826,924.0
43827,628.0
43828,970.0
43829,823.0
43830,946.0
43831,391.0
43832,463.0
43833,831.0
43834,660.0
43835,946.0
43836,317.0
43837,815.0
43838,179.0
43839,924.0
43840,656.0
43841,569.0
43842,305.0
43843,405.0
43844,68.0
43845,139.0
43846,216.0
43847,264.0
43848,862.0
43849,974.0
43850,580.0
43851,305.0
43852,49.0
43853,884.0
43854,180.0
43855,168.0
43856,264.0
43857,813.0
43858,454.0
43859,924.0
43860,974.0
43861,762.0
43862,239.0
43863,834.0
43864,909.0
43865,149.0
43866,924.0
43867,27.0
43868,803.0
43869,405.0
43870,49.0
43871,213.0
43872,628.0
43873,924.0
43874,193.0
43875,462.0
43876,130.0
43877,866.0
43878,213.0
43879,405.0
43880,909.0
43881,102.0
43882,352.0
43883,361.0
43884,946.0
43885,405.0
43886,946.0
43887,130.0
43888,559.0
43889,924.0
43890,917.0
43891,586.0
43892,9.0
43893,213.0
43894,866.0
43895,405.0
43896,909.0
43897,9.0
43898,597.0
43899,909.0
43900,635.0
43901,997.0
43902,924.0
43903,971.0
43904,216.0
43905,627.0
43906,70.0
43907,354.0
43908,130.0
43909,213.0
43910,785.0
43911,979.0
43912,974.0
43913,127.0
43914,580.0
43915,917.0
43916,635.0
43917,917.0
43918,857.0
43919,639.0
43920,946.0
43921,569.0
43922,130.0
43923,916.0
43924,989.0
43925,813.0
43926,756.0
43927,251.0
43928,917.0
43929,909.0
43930,891.0
43931,42.0
43932,813.0
43933,130.0
43934,974.0
43935,432.0
43936,405.0
43937,597.0
43938,655.0
43939,49.0
43940,251.0
43941,149.0
43942,392.0
43943,909.0
43944,813.0
43945,909.0
43946,213.0
43947,445.0
43948,533.0
43949,7.0
43950,939.0
43951,48.0
43952,527.0
43953,989.0
43954,168.0
43955,454.0
43956,795.0
43957,200.0
43958,777.0
43959,924.0
43960,75.0
43961,97.0
43962,924.0
43963,193.0
43964,932.0
43965,928.0
43966,213.0
43967,361.0
43968,924.0
43969,559.0
43970,585.0
43971,928.0
43972,928.0
43973,375.0
43974,580.0
43975,660.0
43976,441.0
43977,712.0
43978,216.0
43979,391.0
43980,41.0
43981,468.0
43982,68.0
43983,75.0
43984,882.0
43985,924.0
43986,307.0
43987,823.0
43988,559.0
43989,139.0
43990,533.0
43991,216.0
43992,924.0
43993,635.0
43994,191.0
43995,909.0
43996,130.0
43997,251.0
43998,254.0
43999,916.0
44000,733.0
44001,813.0
44002,41.0
44003,924.0
44004,989.0
44005,924.0
44006,655.0
44007,660.0
44008,939.0
44009,251.0
44010,924.0
44011,989.0
44012,813.0
44013,305.0
44014,317.0
44015,933.0
44016,756.0
44017,580.0
44018,59.0
44019,585.0
44020,149.0
44021,7.0
44022,575.0
44023,559.0
44024,405.0
44025,49.0
44026,815.0
44027,902.0
44028,168.0
44029,180.0
44030,130.0
44031,946.0
44032,877.0
44033,813.0
44034,986.0
44035,213.0
44036,42.0
44037,924.0
44038,59.0
44039,909.0
44040,149.0
44041,130.0
44042,971.0
44043,6.0
44044,70.0
44045,343.0
44046,831.0
44047,912.0
44048,832.0
44049,264.0
44050,251.0
44051,352.0
44052,216.0
44053,970.0
44054,762.0
44055,213.0
44056,917.0
44057,405.0
44058,706.0
44059,580.0
44060,839.0
44061,213.0
44062,815.0
44063,273.0
44064,580.0
44065,713.0
44066,594.0
44067,9.0
44068,251.0
44069,59.0
44070,49.0
44071,725.0
44072,756.0
44073,580.0
44074,149.0
44075,13.0
44076,251.0
44077,239.0
44078,928.0
44079,68.0
44080,541.0
44081,50.0
44082,168.0
44083,352.0
44084,974.0
44085,208.0
44086,213.0
44087,504.0
44088,59.0
44089,168.0
44090,273.0
44091,193.0
44092,49.0
44093,317.0
44094,197.0
44095,168.0
44096,813.0
44097,361.0
44098,984.0
44099,9.0
44100,559.0
44101,120.0
44102,627.0
44103,580.0
44104,168.0
44105,213.0
44106,917.0
44107,1.0
44108,713.0
44109,946.0
44110,138.0
44111,970.0
44112,168.0
44113,9.0
44114,924.0
44115,884.0
44116,432.0
44117,580.0
44118,325.0
44119,406.0
44120,405.0
44121,361.0
44122,41.0
44123,924.0
44124,83.0
44125,41.0
44126,498.0
44127,924.0
44128,924.0
44129,41.0
44130,455.0
44131,59.0
44132,67.0
44133,569.0
44134,50.0
44135,866.0
44136,529.0
44137,534.0
44138,909.0
44139,59.0
44140,360.0
44141,924.0
44142,499.0
44143,406.0
44144,307.0
44145,916.0
44146,813.0
44147,977.0
44148,989.0
44149,813.0
44150,812.0
44151,48.0
44152,445.0
44153,139.0
44154,49.0
44155,578.0
44156,813.0
44157,475.0
44158,580.0
44159,575.0
44160,498.0
44161,917.0
44162,811.0
44163,946.0
44164,891.0
44165,890.0
44166,924.0
44167,13.0
44168,575.0
44169,361.0
44170,99.0
44171,255.0
44172,213.0
44173,104.0
44174,839.0
44175,405.0
44176,351.0
44177,179.0
44178,41.0
44179,193.0
44180,59.0
44181,974.0
44182,946.0
44183,49.0
44184,454.0
44185,49.0
44186,970.0
44187,352.0
44188,970.0
44189,59.0
44190,213.0
44191,813.0
44192,193.0
44193,569.0
44194,49.0
44195,627.0
44196,317.0
44197,997.0
44198,213.0
44199,168.0
44200,974.0
44201,880.0
44202,562.0
44203,49.0
44204,924.0
44205,895.0
44206,104.0
44207,977.0
44208,974.0
44209,307.0
44210,924.0
44211,762.0
44212,266.0
44213,50.0
44214,924.0
44215,798.0
44216,352.0
44217,213.0
44218,445.0
44219,656.0
44220,989.0
44221,733.0
44222,489.0
44223,406.0
44224,656.0
44225,370.0
44226,166.0
44227,251.0
44228,317.0
44229,759.0
44230,213.0
44231,361.0
44232,118.0
44233,149.0
44234,924.0
44235,94.0
44236,144.0
44237,405.0
44238,882.0
44239,405.0
44240,292.0
44241,130.0
44242,305.0
44243,50.0
44244,48.0
44245,49.0
44246,924.0
44247,371.0
44248,111.0
44249,392.0
44250,909.0
44251,489.0
44252,946.0
44253,264.0
44254,149.0
44255,83.0
44256,139.0
44257,627.0
44258,834.0
44259,839.0
44260,543.0
44261,168.0
44262,946.0
44263,846.0
44264,939.0
44265,880.0
44266,407.0
44267,59.0
44268,168.0
44269,499.0
44270,255.0
44271,997.0
44272,501.0
44273,361.0
44274,821.0
44275,49.0
44276,909.0
44277,585.0
44278,213.0
44279,317.0
44280,489.0
44281,721.0
44282,855.0
44283,324.0
44284,251.0
44285,489.0
44286,734.0
44287,928.0
44288,454.0
44289,924.0
44290,746.0
44291,580.0
44292,855.0
44293,855.0
44294,104.0
44295,924.0
44296,915.0
44297,832.0
44298,512.0
44299,917.0
44300,512.0
44301,445.0
44302,734.0
44303,168.0
44304,361.0
44305,251.0
44306,917.0
44307,454.0
44308,13.0
44309,489.0
44310,361.0
44311,68.0
44312,75.0
44313,505.0
44314,970.0
44315,955.0
44316,916.0
44317,213.0
44318,832.0
44319,924.0
44320,305.0
44321,130.0
44322,371.0
44323,803.0
44324,891.0
44325,580.0
44326,149.0
44327,772.0
44328,149.0
44329,41.0
44330,529.0
44331,909.0
44332,811.0
44333,305.0
44334,866.0
44335,251.0
44336,59.0
44337,239.0
44338,318.0
44339,917.0
44340,813.0
44341,48.0
44342,13.0
44343,217.0
44344,813.0
44345,273.0
44346,193.0
44347,997.0
44348,317.0
44349,264.0
44350,939.0
44351,921.0
44352,127.0
44353,939.0
44354,823.0
44355,354.0
44356,829.0
44357,627.0
44358,13.0
44359,559.0
44360,200.0
44361,815.0
44362,168.0
44363,213.0
44364,48.0
44365,391.0
44366,580.0
44367,660.0
44368,75.0
44369,405.0
44370,580.0
44371,149.0
44372,255.0
44373,50.0
44374,902.0
44375,388.0
44376,9.0
44377,213.0
44378,627.0
44379,59.0
44380,917.0
44381,361.0
44382,120.0
44383,884.0
44384,168.0
44385,216.0
44386,665.0
44387,815.0
44388,68.0
44389,445.0
44390,660.0
44391,120.0
44392,149.0
44393,813.0
44394,330.0
44395,168.0
44396,193.0
44397,361.0
44398,213.0
44399,75.0
44400,361.0
44401,997.0
44402,970.0
44403,255.0
44404,310.0
44405,149.0
44406,569.0
44407,813.0
44408,533.0
44409,924.0
44410,134.0
44411,916.0
44412,512.0
44413,839.0
44414,68.0
44415,361.0
44416,909.0
44417,462.0
44418,989.0
44419,375.0
44420,534.0
44421,48.0
44422,677.0
44423,832.0
44424,465.0
44425,831.0
44426,580.0
44427,49.0
44428,405.0
44429,213.0
44430,917.0
44431,149.0
44432,308.0
44433,725.0
44434,325.0
44435,49.0
44436,407.0
44437,909.0
44438,405.0
44439,440.0
44440,358.0
44441,949.0
44442,1.0
44443,67.0
44444,305.0
44445,75.0
44446,913.0
44447,557.0
44448,49.0
44449,798.0
44450,905.0
44451,213.0
44452,213.0
44453,305.0
44454,70.0
44455,445.0
44456,251.0
44457,997.0
44458,580.0
44459,483.0
44460,94.0
44461,866.0
44462,371.0
44463,407.0
44464,361.0
44465,812.0
44466,352.0
44467,543.0
44468,979.0
44469,655.0
44470,151.0
44471,767.0
44472,570.0
44473,905.0
44474,325.0
44475,866.0
44476,997.0
44477,42.0
44478,49.0
44479,997.0
44480,468.0
44481,317.0
44482,977.0
44483,436.0
44484,601.0
44485,997.0
44486,445.0
44487,168.0
44488,75.0
44489,217.0
44490,294.0
44491,984.0
44492,406.0
44493,866.0
44494,569.0
44495,54.0
44496,974.0
44497,762.0
44498,50.0
44499,997.0
44500,48.0
44501,855.0
44502,144.0
44503,832.0
44504,405.0
44505,954.0
44506,884.0
44507,292.0
44508,9.0
44509,251.0
44510,984.0
44511,251.0
44512,317.0
44513,41.0
44514,266.0
44515,928.0
44516,971.0
44517,660.0
44518,866.0
44519,445.0
44520,445.0
44521,557.0
44522,811.0
44523,354.0
44524,909.0
44525,707.0
44526,984.0
44527,917.0
44528,558.0
44529,200.0
44530,445.0
44531,984.0
44532,512.0
44533,213.0
44534,832.0
44535,813.0
44536,756.0
44537,946.0
44538,812.0
44539,489.0
44540,989.0
44541,168.0
44542,997.0
44543,134.0
44544,13.0
44545,99.0
44546,580.0
44547,318.0
44548,813.0
44549,767.0
44550,855.0
44551,909.0
44552,997.0
44553,973.0
44554,580.0
44555,974.0
44556,813.0
44557,909.0
44558,846.0
44559,660.0
44560,445.0
44561,720.0
44562,960.0
44563,325.0
44564,405.0
44565,273.0
44566,213.0
44567,41.0
44568,305.0
44569,839.0
44570,857.0
44571,405.0
44572,720.0
44573,909.0
44574,354.0
44575,939.0
44576,405.0
44577,255.0
44578,59.0
44579,655.0
44580,721.0
44581,974.0
44582,251.0
44583,9.0
44584,971.0
44585,75.0
44586,891.0
44587,391.0
44588,305.0
44589,917.0
44590,974.0
44591,305.0
44592,305.0
44593,756.0
44594,130.0
44595,707.0
44596,813.0
44597,48.0
44598,627.0
44599,305.0
44600,120.0
44601,527.0
44602,439.0
44603,177.0
44604,813.0
44605,317.0
44606,939.0
44607,149.0
44608,445.0
44609,891.0
44610,832.0
44611,628.0
44612,193.0
44613,41.0
44614,104.0
44615,924.0
44616,785.0
44617,405.0
44618,527.0
44619,989.0
44620,352.0
44621,317.0
44622,317.0
44623,721.0
44624,405.0
44625,970.0
44626,917.0
44627,405.0
44628,104.0
44629,813.0
44630,924.0
44631,512.0
44632,512.0
44633,425.0
44634,13.0
44635,49.0
44636,733.0
44637,580.0
44638,832.0
44639,352.0
44640,909.0
44641,916.0
44642,721.0
44643,405.0
44644,497.0
44645,789.0
44646,375.0
44647,361.0
44648,866.0
44649,762.0
44650,584.0
44651,844.0
44652,405.0
44653,59.0
44654,130.0
44655,762.0
44656,677.0
44657,921.0
44658,607.0
44659,813.0
44660,213.0
44661,997.0
44662,208.0
44663,307.0
44664,49.0
44665,974.0
44666,41.0
44667,1.0
44668,813.0
44669,42.0
44670,41.0
44671,884.0
44672,39.0
44673,474.0
44674,213.0
44675,94.0
44676,813.0
44677,290.0
44678,779.0
44679,926.0
44680,324.0
44681,465.0
44682,815.0
44683,149.0
44684,809.0
44685,454.0
44686,405.0
44687,891.0
44688,811.0
44689,989.0
44690,984.0
44691,504.0
44692,352.0
44693,318.0
44694,305.0
44695,213.0
44696,354.0
44697,454.0
44698,54.0
44699,176.0
44700,580.0
44701,924.0
44702,575.0
44703,733.0
44704,811.0
44705,305.0
44706,707.0
44707,318.0
44708,305.0
44709,216.0
44710,912.0
44711,50.0
44712,984.0
44713,193.0
44714,49.0
44715,627.0
44716,130.0
44717,677.0
44718,307.0
44719,812.0
44720,725.0
44721,41.0
44722,935.0
44723,489.0
44724,915.0
44725,78.0
44726,375.0
44727,627.0
44728,99.0
44729,49.0
44730,130.0
44731,846.0
44732,928.0
44733,139.0
44734,832.0
44735,405.0
44736,983.0
44737,318.0
44738,463.0
44739,49.0
44740,213.0
44741,789.0
44742,363.0
44743,909.0
44744,928.0
44745,462.0
44746,924.0
44747,13.0
44748,912.0
44749,815.0
44750,517.0
44751,809.0
44752,512.0
44753,171.0
44754,1.0
44755,200.0
44756,305.0
44757,949.0
44758,974.0
44759,553.0
44760,468.0
44761,789.0
44762,823.0
44763,361.0
44764,19.0
44765,177.0
44766,905.0
44767,909.0
44768,987.0
44769,213.0
44770,562.0
44771,213.0
44772,292.0
44773,839.0
44774,597.0
44775,627.0
44776,317.0
44777,917.0
44778,324.0
44779,75.0
44780,884.0
44781,823.0
44782,928.0
44783,811.0
44784,882.0
44785,216.0
44786,163.0
44787,391.0
44788,928.0
44789,454.0
44790,361.0
44791,823.0
44792,839.0
44793,168.0
44794,913.0
44795,9.0
44796,559.0
44797,969.0
44798,470.0
44799,325.0
44800,917.0
44801,795.0
44802,27.0
44803,917.0
44804,813.0
44805,168.0
44806,130.0
44807,448.0
44808,363.0
44809,13.0
44810,813.0
44811,462.0
44812,445.0
44813,6.0
44814,9.0
44815,891.0
44816,49.0
44817,405.0
44818,468.0
44819,130.0
44820,200.0
44821,823.0
44822,880.0
44823,48.0
44824,561.0
44825,49.0
44826,168.0
44827,41.0
44828,939.0
44829,168.0
44830,13.0
44831,1.0
44832,213.0
44833,924.0
44834,114.0
44835,405.0
44836,405.0
44837,213.0
44838,305.0
44839,217.0
44840,977.0
44841,504.0
44842,890.0
44843,68.0
44844,946.0
44845,149.0
44846,891.0
44847,54.0
44848,406.0
44849,924.0
44850,832.0
44851,251.0
44852,166.0
44853,648.0
44854,489.0
44855,343.0
44856,823.0
44857,200.0
44858,354.0
44859,213.0
44860,489.0
44861,200.0
44862,49.0
44863,13.0
44864,725.0
44865,168.0
44866,94.0
44867,213.0
44868,193.0
44869,454.0
44870,498.0
44871,654.0
44872,939.0
44873,317.0
44874,361.0
44875,720.0
44876,601.0
44877,213.0
44878,7.0
44879,527.0
44880,989.0
44881,813.0
44882,49.0
44883,363.0
44884,48.0
44885,296.0
44886,924.0
44887,68.0
44888,813.0
44889,498.0
44890,307.0
44891,59.0
44892,789.0
44893,48.0
44894,251.0
44895,193.0
44896,917.0
44897,216.0
44898,917.0
44899,884.0
44900,49.0
44901,361.0
44902,756.0
44903,245.0
44904,917.0
44905,813.0
44906,319.0
44907,70.0
44908,318.0
44909,168.0
44910,823.0
44911,627.0
44912,83.0
44913,803.0
44914,832.0
44915,884.0
44916,255.0
44917,305.0
44918,48.0
44919,213.0
44920,533.0
44921,946.0
44922,361.0
44923,880.0
44924,405.0
44925,405.0
44926,352.0
44927,916.0
44928,917.0
44929,120.0
44930,375.0
44931,180.0
44932,324.0
44933,895.0
44934,921.0
44935,924.0
44936,26.0
44937,213.0
44938,317.0
44939,913.0
44940,561.0
44941,580.0
44942,946.0
44943,120.0
44944,924.0
44945,302.0
44946,54.0
44947,325.0
44948,130.0
44949,533.0
44950,391.0
44951,49.0
44952,13.0
44953,846.0
44954,353.0
44955,543.0
44956,601.0
44957,917.0
44958,813.0
44959,354.0
44960,917.0
44961,266.0
44962,585.0
44963,251.0
44964,317.0
44965,917.0
44966,200.0
44967,767.0
44968,49.0
44969,273.0
44970,616.0
44971,601.0
44972,255.0
44973,49.0
44974,902.0
44975,543.0
44976,405.0
44977,497.0
44978,19.0
44979,920.0
44980,846.0
44981,620.0
44982,405.0
44983,255.0
44984,440.0
44985,13.0
44986,445.0
44987,969.0
44988,846.0
44989,439.0
44990,839.0
44991,13.0
44992,213.0
44993,198.0
44994,917.0
44995,1.0
44996,866.0
44997,575.0
44998,168.0
44999,535.0
45000,997.0
45001,97.0
45002,193.0
45003,19.0
45004,213.0
45005,813.0
45006,97.0
45007,534.0
45008,97.0
45009,762.0
45010,13.0
45011,921.0
45012,789.0
45013,955.0
45014,813.0
45015,97.0
45016,405.0
45017,454.0
45018,305.0
45019,924.0
45020,558.0
45021,821.0
45022,928.0
45023,756.0
45024,371.0
45025,264.0
45026,570.0
45027,505.0
45028,60.0
45029,543.0
45030,627.0
45031,186.0
45032,436.0
45033,665.0
45034,984.0
45035,983.0
45036,891.0
45037,59.0
45038,762.0
45039,601.0
45040,149.0
45041,984.0
45042,213.0
45043,1.0
45044,974.0
45045,49.0
45046,580.0
45047,68.0
45048,832.0
45049,627.0
45050,94.0
45051,50.0
45052,913.0
45053,171.0
45054,213.0
45055,468.0
45056,815.0
45057,213.0
45058,946.0
45059,49.0
45060,27.0
45061,213.0
45062,562.0
45063,585.0
45064,495.0
45065,41.0
45066,454.0
45067,616.0
45068,662.0
45069,620.0
45070,149.0
45071,361.0
45072,559.0
45073,168.0
45074,921.0
45075,392.0
45076,909.0
45077,706.0
45078,995.0
45079,48.0
45080,405.0
45081,928.0
45082,575.0
45083,368.0
45084,13.0
45085,974.0
45086,584.0
45087,130.0
45088,928.0
45089,405.0
45090,913.0
45091,168.0
45092,216.0
45093,738.0
45094,718.0
45095,946.0
45096,251.0
45097,454.0
45098,361.0
45099,149.0
45100,762.0
45101,855.0
45102,917.0
45103,997.0
45104,912.0
45105,264.0
45106,665.0
45107,884.0
45108,213.0
45109,78.0
45110,846.0
45111,909.0
45112,193.0
45113,974.0
45114,361.0
45115,935.0
45116,843.0
45117,8.0
45118,59.0
45119,917.0
45120,255.0
45121,454.0
45122,974.0
45123,866.0
45124,70.0
45125,660.0
45126,99.0
45127,813.0
45128,575.0
45129,149.0
45130,684.0
45131,144.0
45132,575.0
45133,130.0
45134,784.0
45135,213.0
45136,924.0
45137,788.0
45138,470.0
45139,273.0
45140,42.0
45141,75.0
45142,557.0
45143,39.0
45144,924.0
45145,633.0
45146,305.0
45147,813.0
45148,989.0
45149,352.0
45150,495.0
45151,325.0
45152,318.0
45153,149.0
45154,202.0
45155,50.0
45156,200.0
45157,832.0
45158,989.0
45159,305.0
45160,50.0
45161,924.0
45162,409.0
45163,939.0
45164,527.0
45165,49.0
45166,920.0
45167,125.0
45168,813.0
45169,302.0
45170,42.0
45171,733.0
45172,989.0
45173,973.0
45174,725.0
45175,317.0
45176,512.0
45177,213.0
45178,832.0
45179,495.0
45180,445.0
45181,179.0
45182,846.0
45183,13.0
45184,575.0
45185,41.0
45186,909.0
45187,454.0
45188,168.0
45189,627.0
45190,405.0
45191,213.0
45192,895.0
45193,559.0
45194,405.0
45195,474.0
45196,921.0
45197,989.0
45198,813.0
45199,200.0
45200,648.0
45201,884.0
45202,352.0
45203,213.0
45204,970.0
45205,812.0
45206,665.0
45207,832.0
45208,557.0
45209,310.0
45210,891.0
45211,273.0
45212,839.0
45213,533.0
45214,928.0
45215,255.0
45216,656.0
45217,13.0
45218,620.0
45219,809.0
45220,454.0
45221,405.0
45222,628.0
45223,660.0
45224,946.0
45225,163.0
45226,924.0
45227,979.0
45228,474.0
45229,921.0
45230,891.0
45231,512.0
45232,130.0
45233,656.0
45234,575.0
45235,49.0
45236,255.0
45237,120.0
45238,41.0
45239,130.0
45240,305.0
45241,974.0
45242,48.0
45243,445.0
45244,49.0
45245,688.0
45246,251.0
45247,855.0
45248,251.0
45249,149.0
45250,41.0
45251,815.0
45252,168.0
45253,846.0
45254,559.0
45255,946.0
45256,970.0
45257,939.0
45258,7.0
45259,405.0
45260,370.0
45261,50.0
45262,130.0
45263,928.0
45264,909.0
45265,130.0
45266,997.0
45267,75.0
45268,130.0
45269,575.0
45270,125.0
45271,812.0
45272,939.0
45273,1.0
45274,68.0
45275,1.0
45276,68.0
45277,324.0
45278,884.0
45279,100.0
45280,921.0
45281,213.0
45282,924.0
45283,68.0
45284,216.0
45285,149.0
45286,866.0
45287,180.0
45288,317.0
45289,49.0
45290,924.0
45291,970.0
45292,42.0
45293,832.0
45294,974.0
45295,216.0
45296,448.0
45297,193.0
45298,130.0
45299,970.0
45300,516.0
45301,13.0
45302,445.0
45303,984.0
45304,168.0
45305,788.0
45306,832.0
45307,465.0
45308,529.0
45309,102.0
45310,13.0
45311,909.0
45312,149.0
45313,815.0
45314,325.0
45315,41.0
45316,324.0
45317,977.0
45318,168.0
45319,97.0
45320,405.0
45321,305.0
45322,917.0
45323,115.0
45324,317.0
45325,361.0
45326,512.0
45327,627.0
45328,946.0
45329,317.0
45330,308.0
45331,813.0
45332,961.0
45333,984.0
45334,361.0
45335,65.0
45336,917.0
45337,68.0
45338,884.0
45339,83.0
45340,317.0
45341,48.0
45342,317.0
45343,884.0
45344,251.0
45345,580.0
45346,324.0
45347,273.0
45348,168.0
45349,387.0
45350,924.0
45351,49.0
45352,168.0
45353,987.0
45354,884.0
45355,575.0
45356,305.0
45357,264.0
45358,305.0
45359,813.0
45360,213.0
45361,97.0
45362,997.0
45363,924.0
45364,193.0
45365,784.0
45366,832.0
45367,665.0
45368,989.0
45369,581.0
45370,585.0
45371,158.0
45372,50.0
45373,445.0
45374,13.0
45375,798.0
45376,575.0
45377,317.0
45378,866.0
45379,454.0
45380,256.0
45381,130.0
45382,543.0
45383,251.0
45384,168.0
45385,256.0
45386,120.0
45387,208.0
45388,635.0
45389,405.0
45390,255.0
45391,130.0
45392,569.0
45393,989.0
45394,632.0
45395,208.0
45396,928.0
45397,575.0
45398,213.0
45399,917.0
45400,534.0
45401,798.0
45402,916.0
45403,405.0
45404,813.0
45405,274.0
45406,13.0
45407,946.0
45408,149.0
45409,78.0
45410,778.0
45411,13.0
45412,305.0
45413,49.0
45414,371.0
45415,974.0
45416,343.0
45417,846.0
45418,946.0
45419,891.0
45420,25.0
45421,317.0
45422,489.0
45423,168.0
45424,813.0
45425,213.0
45426,149.0
45427,924.0
45428,168.0
45429,813.0
45430,41.0
45431,217.0
45432,895.0
45433,134.0
45434,305.0
45435,917.0
45436,405.0
45437,628.0
45438,917.0
45439,352.0
45440,264.0
45441,562.0
45442,42.0
45443,512.0
45444,891.0
45445,149.0
45446,317.0
45447,500.0
45448,627.0
45449,928.0
45450,909.0
45451,917.0
45452,361.0
45453,125.0
45454,846.0
45455,984.0
45456,815.0
45457,924.0
45458,213.0
45459,917.0
45460,352.0
45461,213.0
45462,213.0
45463,111.0
45464,405.0
45465,798.0
45466,974.0
45467,912.0
45468,924.0
45469,9.0
45470,813.0
45471,13.0
45472,149.0
45473,9.0
45474,535.0
45475,49.0
45476,912.0
45477,405.0
45478,41.0
45479,598.0
45480,916.0
45481,627.0
45482,120.0
45483,580.0
45484,13.0
45485,54.0
45486,354.0
45487,213.0
45488,633.0
45489,839.0
45490,139.0
45491,902.0
45492,628.0
45493,130.0
45494,562.0
45495,48.0
45496,916.0
45497,529.0
45498,505.0
45499,94.0
45500,581.0
45501,305.0
45502,891.0
45503,946.0
45504,628.0
45505,27.0
45506,1.0
45507,130.0
45508,445.0
45509,997.0
45510,59.0
45511,504.0
45512,924.0
45513,924.0
45514,68.0
45515,553.0
45516,580.0
45517,762.0
45518,924.0
45519,562.0
45520,83.0
45521,317.0
45522,120.0
45523,273.0
45524,168.0
45525,969.0
45526,495.0
45527,909.0
45528,909.0
45529,391.0
45530,149.0
45531,909.0
45532,970.0
45533,94.0
45534,928.0
45535,42.0
45536,533.0
45537,405.0
45538,823.0
45539,168.0
45540,317.0
45541,924.0
45542,193.0
45543,375.0
45544,628.0
45545,50.0
45546,251.0
45547,262.0
45548,310.0
45549,68.0
45550,468.0
45551,462.0
45552,213.0
45553,41.0
45554,813.0
45555,884.0
45556,68.0
45557,68.0
45558,924.0
45559,120.0
45560,580.0
45561,570.0
45562,984.0
45563,909.0
45564,213.0
45565,429.0
45566,924.0
45567,886.0
45568,924.0
45569,917.0
45570,361.0
45571,598.0
45572,857.0
45573,468.0
45574,575.0
45575,627.0
45576,13.0
45577,454.0
45578,405.0
45579,832.0
45580,813.0
45581,989.0
45582,149.0
45583,917.0
45584,871.0
45585,762.0
45586,921.0
45587,813.0
45588,193.0
45589,832.0
45590,405.0
45591,407.0
45592,49.0
45593,734.0
45594,597.0
45595,13.0
45596,829.0
45597,884.0
45598,1.0
45599,813.0
45600,255.0
45601,915.0
45602,924.0
45603,25.0
45604,274.0
45605,813.0
45606,197.0
45607,580.0
45608,13.0
45609,213.0
45610,498.0
45611,580.0
45612,213.0
45613,762.0
45614,49.0
45615,580.0
45616,213.0
45617,48.0
45618,928.0
45619,445.0
45620,59.0
45621,504.0
45622,912.0
45623,880.0
45624,813.0
45625,924.0
45626,273.0
45627,94.0
45628,48.0
45629,580.0
45630,813.0
45631,405.0
45632,974.0
45633,454.0
45634,632.0
45635,59.0
45636,213.0
45637,213.0
45638,13.0
45639,639.0
45640,788.0
45641,138.0
45642,454.0
45643,168.0
45644,25.0
45645,866.0
45646,392.0
45647,405.0
45648,677.0
45649,909.0
45650,432.0
45651,909.0
45652,251.0
45653,831.0
45654,41.0
45655,895.0
45656,575.0
45657,330.0
45658,767.0
45659,149.0
45660,305.0
45661,884.0
45662,360.0
45663,559.0
45664,884.0
45665,49.0
45666,251.0
45667,436.0
45668,977.0
45669,559.0
45670,454.0
45671,924.0
45672,946.0
45673,168.0
45674,718.0
45675,352.0
45676,50.0
45677,970.0
45678,42.0
45679,68.0
45680,213.0
45681,361.0
45682,823.0
45683,543.0
45684,871.0
45685,317.0
45686,273.0
45687,946.0
45688,987.0
45689,251.0
45690,974.0
45691,8.0
45692,512.0
45693,273.0
45694,13.0
45695,928.0
45696,343.0
45697,97.0
45698,813.0
45699,130.0
45700,917.0
45701,615.0
45702,846.0
45703,733.0
45704,813.0
45705,891.0
45706,305.0
45707,660.0
45708,917.0
45709,912.0
45710,533.0
45711,839.0
45712,405.0
45713,216.0
45714,134.0
45715,75.0
45716,264.0
45717,361.0
45718,580.0
45719,48.0
45720,454.0
45721,946.0
45722,41.0
45723,325.0
45724,75.0
45725,846.0
45726,213.0
45727,251.0
45728,200.0
45729,756.0
45730,474.0
45731,310.0
45732,924.0
45733,832.0
45734,1.0
45735,813.0
45736,815.0
45737,49.0
45738,251.0
45739,946.0
45740,324.0
45741,19.0
45742,970.0
45743,489.0
45744,317.0
45745,49.0
45746,149.0
45747,454.0
45748,317.0
45749,895.0
45750,921.0
45751,924.0
45752,13.0
45753,926.0
45754,317.0
45755,997.0
45756,41.0
45757,924.0
45758,527.0
45759,405.0
45760,68.0
45761,529.0
45762,41.0
45763,917.0
45764,454.0
45765,974.0
45766,195.0
45767,643.0
45768,580.0
45769,829.0
45770,813.0
45771,213.0
45772,533.0
45773,352.0
45774,325.0
45775,49.0
45776,405.0
45777,183.0
45778,213.0
45779,120.0
45780,759.0
45781,130.0
45782,78.0
45783,871.0
45784,149.0
45785,884.0
45786,913.0
45787,130.0
45788,891.0
45789,946.0
45790,361.0
45791,575.0
45792,49.0
45793,193.0
45794,213.0
45795,130.0
45796,533.0
45797,570.0
45798,168.0
45799,812.0
45800,974.0
45801,921.0
45802,405.0
45803,168.0
45804,59.0
45805,660.0
45806,580.0
45807,909.0
45808,832.0
45809,393.0
45810,928.0
45811,909.0
45812,317.0
45813,623.0
45814,575.0
45815,884.0
45816,928.0
45817,251.0
45818,529.0
45819,495.0
45820,609.0
45821,213.0
45822,127.0
45823,305.0
45824,823.0
45825,343.0
45826,353.0
45827,317.0
45828,844.0
45829,660.0
45830,779.0
45831,50.0
45832,575.0
45833,924.0
45834,924.0
45835,168.0
45836,292.0
45837,813.0
45838,305.0
45839,767.0
45840,823.0
45841,111.0
45842,213.0
45843,136.0
45844,251.0
45845,213.0
45846,50.0
45847,983.0
45848,813.0
45849,213.0
45850,474.0
45851,50.0
45852,255.0
45853,498.0
45854,655.0
45855,902.0
45856,813.0
45857,778.0
45858,660.0
45859,655.0
45860,909.0
45861,50.0
45862,846.0
45863,929.0
45864,50.0
45865,620.0
45866,974.0
45867,839.0
45868,917.0
45869,917.0
45870,720.0
45871,151.0
45872,543.0
45873,891.0
45874,49.0
45875,974.0
45876,902.0
45877,778.0
45878,928.0
45879,823.0
45880,13.0
45881,213.0
45882,575.0
45883,997.0
45884,111.0
45885,317.0
45886,130.0
45887,789.0
45888,597.0
45889,13.0
45890,803.0
45891,924.0
45892,558.0
45893,361.0
45894,884.0
45895,208.0
45896,330.0
45897,973.0
45898,130.0
45899,815.0
45900,660.0
45901,909.0
45902,317.0
45903,49.0
45904,813.0
45905,823.0
45906,512.0
45907,932.0
45908,489.0
45909,352.0
45910,916.0
45911,49.0
45912,928.0
45913,149.0
45914,884.0
45915,308.0
45916,317.0
45917,217.0
45918,352.0
45919,29.0
45920,884.0
45921,324.0
45922,13.0
45923,997.0
45924,48.0
45925,49.0
45926,440.0
45927,627.0
45928,213.0
45929,149.0
45930,813.0
45931,562.0
45932,562.0
45933,213.0
45934,9.0
45935,1.0
45936,924.0
45937,866.0
45938,216.0
45939,928.0
45940,989.0
45941,855.0
45942,405.0
45943,454.0
45944,75.0
45945,49.0
45946,41.0
45947,660.0
45948,974.0
45949,585.0
45950,902.0
45951,213.0
45952,707.0
45953,317.0
45954,213.0
45955,49.0
45956,989.0
45957,120.0
45958,535.0
45959,130.0
45960,846.0
45961,59.0
45962,213.0
45963,317.0
45964,273.0
45965,534.0
45966,213.0
45967,489.0
45968,330.0
45969,844.0
45970,273.0
45971,917.0
45972,213.0
45973,130.0
45974,516.0
45975,915.0
45976,569.0
45977,635.0
45978,813.0
45979,541.0
45980,913.0
45981,939.0
45982,813.0
45983,166.0
45984,970.0
45985,813.0
45986,149.0
45987,405.0
45988,41.0
45989,474.0
45990,317.0
45991,974.0
45992,273.0
45993,273.0
45994,67.0
45995,1.0
45996,343.0
45997,917.0
45998,144.0
45999,580.0
46000,897.0
46001,317.0
46002,251.0
46003,813.0
46004,928.0
46005,59.0
46006,946.0
46007,839.0
46008,759.0
46009,823.0
46010,660.0
46011,168.0
46012,813.0
46013,305.0
46014,49.0
46015,997.0
46016,68.0
46017,393.0
46018,197.0
46019,580.0
46020,138.0
46021,580.0
46022,909.0
46023,660.0
46024,266.0
46025,200.0
46026,13.0
46027,42.0
46028,216.0
46029,946.0
46030,984.0
46031,130.0
46032,897.0
46033,388.0
46034,25.0
46035,48.0
46036,375.0
46037,660.0
46038,997.0
46039,445.0
46040,660.0
46041,139.0
46042,177.0
46043,997.0
46044,733.0
46045,813.0
46046,706.0
46047,13.0
46048,813.0
46049,104.0
46050,884.0
46051,361.0
46052,784.0
46053,984.0
46054,987.0
46055,59.0
46056,273.0
46057,917.0
46058,193.0
46059,213.0
46060,974.0
46061,866.0
46062,405.0
46063,812.0
46064,974.0
46065,49.0
46066,445.0
46067,733.0
46068,251.0
46069,361.0
46070,454.0
46071,70.0
46072,9.0
46073,454.0
46074,405.0
46075,255.0
46076,495.0
46077,305.0
46078,813.0
46079,180.0
46080,924.0
46081,317.0
46082,575.0
46083,580.0
46084,120.0
46085,468.0
46086,213.0
46087,946.0
46088,78.0
46089,913.0
46090,317.0
46091,213.0
46092,813.0
46093,9.0
46094,662.0
46095,407.0
46096,440.0
46097,25.0
46098,68.0
46099,512.0
46100,361.0
46101,94.0
46102,974.0
46103,866.0
46104,41.0
46105,213.0
46106,939.0
46107,13.0
46108,1.0
46109,880.0
46110,50.0
46111,917.0
46112,83.0
46113,924.0
46114,846.0
46115,844.0
46116,946.0
46117,627.0
46118,168.0
46119,615.0
46120,439.0
46121,970.0
46122,580.0
46123,880.0
46124,551.0
46125,319.0
46126,120.0
46127,75.0
46128,995.0
46129,813.0
46130,454.0
46131,213.0
46132,186.0
46133,580.0
46134,815.0
46135,325.0
46136,628.0
46137,317.0
46138,454.0
46139,49.0
46140,213.0
46141,984.0
46142,143.0
46143,924.0
46144,392.0
46145,746.0
46146,533.0
46147,984.0
46148,813.0
46149,580.0
46150,871.0
46151,224.0
46152,884.0
46153,318.0
46154,846.0
46155,607.0
46156,405.0
46157,917.0
46158,533.0
46159,832.0
46160,559.0
46161,917.0
46162,13.0
46163,318.0
46164,474.0
46165,149.0
46166,570.0
46167,970.0
46168,317.0
46169,813.0
46170,25.0
46171,866.0
46172,168.0
46173,68.0
46174,997.0
46175,997.0
46176,897.0
46177,180.0
46178,984.0
46179,584.0
46180,50.0
46181,217.0
46182,909.0
46183,655.0
46184,974.0
46185,812.0
46186,405.0
46187,928.0
46188,677.0
46189,798.0
46190,762.0
46191,405.0
46192,824.0
46193,917.0
46194,392.0
46195,474.0
46196,811.0
46197,255.0
46198,168.0
46199,213.0
46200,274.0
46201,928.0
46202,213.0
46203,909.0
46204,498.0
46205,974.0
46206,49.0
46207,454.0
46208,104.0
46209,358.0
46210,628.0
46211,767.0
46212,862.0
46213,130.0
46214,319.0
46215,928.0
46216,317.0
46217,632.0
46218,213.0
46219,315.0
46220,75.0
46221,168.0
46222,970.0
46223,49.0
46224,924.0
46225,308.0
46226,180.0
46227,909.0
46228,13.0
46229,130.0
46230,13.0
46231,813.0
46232,831.0
46233,839.0
46234,49.0
46235,820.0
46236,50.0
46237,454.0
46238,924.0
46239,405.0
46240,48.0
46241,202.0
46242,354.0
46243,846.0
46244,67.0
46245,627.0
46246,343.0
46247,813.0
46248,660.0
46249,54.0
46250,255.0
46251,813.0
46252,512.0
46253,939.0
46254,970.0
46255,846.0
46256,352.0
46257,454.0
46258,130.0
46259,974.0
46260,580.0
46261,997.0
46262,846.0
46263,352.0
46264,862.0
46265,884.0
46266,465.0
46267,143.0
46268,627.0
46269,813.0
46270,224.0
46271,891.0
46272,912.0
46273,512.0
46274,97.0
46275,924.0
46276,946.0
46277,445.0
46278,75.0
46279,125.0
46280,660.0
46281,317.0
46282,213.0
46283,974.0
46284,909.0
46285,917.0
46286,325.0
46287,474.0
46288,756.0
46289,746.0
46290,924.0
46291,125.0
46292,120.0
46293,820.0
46294,569.0
46295,655.0
46296,767.0
46297,94.0
46298,855.0
46299,543.0
46300,924.0
46301,361.0
46302,361.0
46303,559.0
46304,213.0
46305,305.0
46306,928.0
46307,575.0
46308,762.0
46309,361.0
46310,832.0
46311,627.0
46312,917.0
46313,251.0
46314,48.0
46315,928.0
46316,984.0
46317,928.0
46318,361.0
46319,984.0
46320,168.0
46321,909.0
46322,193.0
46323,75.0
46324,489.0
46325,97.0
46326,78.0
46327,533.0
46328,813.0
46329,361.0
46330,176.0
46331,891.0
46332,42.0
46333,924.0
46334,49.0
46335,130.0
46336,13.0
46337,665.0
46338,75.0
46339,49.0
46340,1.0
46341,9.0
46342,946.0
46343,971.0
46344,317.0
46345,361.0
46346,273.0
46347,785.0
46348,721.0
46349,813.0
46350,813.0
46351,585.0
46352,916.0
46353,529.0
46354,917.0
46355,917.0
46356,884.0
46357,974.0
46358,580.0
46359,846.0
46360,193.0
46361,613.0
46362,916.0
46363,193.0
46364,627.0
46365,762.0
46366,823.0
46367,49.0
46368,639.0
46369,897.0
46370,405.0
46371,255.0
46372,939.0
46373,997.0
46374,924.0
46375,307.0
46376,41.0
46377,489.0
46378,575.0
46379,915.0
46380,812.0
46381,54.0
46382,149.0
46383,795.0
46384,984.0
46385,909.0
46386,213.0
46387,251.0
46388,465.0
46389,75.0
46390,200.0
46391,200.0
46392,866.0
46393,168.0
46394,94.0
46395,41.0
46396,495.0
46397,266.0
46398,166.0
46399,846.0
46400,445.0
46401,307.0
46402,138.0
46403,83.0
46404,6.0
46405,361.0
46406,924.0
46407,445.0
46408,41.0
46409,48.0
46410,501.0
46411,8.0
46412,361.0
46413,905.0
46414,213.0
46415,713.0
46416,454.0
46417,130.0
46418,318.0
46419,213.0
46420,130.0
46421,974.0
46422,882.0
46423,946.0
46424,251.0
46425,213.0
46426,839.0
46427,384.0
46428,251.0
46429,294.0
46430,517.0
46431,310.0
46432,49.0
46433,909.0
46434,984.0
46435,831.0
46436,186.0
46437,307.0
46438,974.0
46439,917.0
46440,13.0
46441,559.0
46442,946.0
46443,273.0
46444,917.0
46445,575.0
46446,213.0
46447,997.0
46448,886.0
46449,305.0
46450,324.0
46451,440.0
46452,318.0
46453,468.0
46454,580.0
46455,812.0
46456,445.0
46457,30.0
46458,75.0
46459,213.0
46460,924.0
46461,432.0
46462,997.0
46463,846.0
46464,982.0
46465,375.0
46466,1.0
46467,59.0
46468,213.0
46469,824.0
46470,130.0
46471,125.0
46472,179.0
46473,
